ID	
XX	
BF	
XX	
P0	A	C	G	T
01	8	8	8	74
02	20	59	5	14
03	31	25	5	37
04	8	45	14	31
05	5	14	2	77
06	2	20	5	71
07	54	14	5	25
08	5	39	17	37
09	5	74	0	20
10	22	14	5	57
11	8	14	54	22
12	5	2	62	28
13	20	71	5	2
14	0	97	0	2
15	2	97	0	0
16	2	74	2	20
17	85	0	14	0
18	0	97	2	0
19	0	99	0	0
20	0	99	0	0
21	74	20	0	5
22	20	79	0	0
23	88	5	0	5
24	5	2	2	88
25	0	94	0	5
26	0	99	0	0
27	0	0	0	99
28	14	11	68	5
29	0	54	0	45
30	25	2	11	59
31	22	11	57	8
32	77	11	5	5
XX	
