ID	
XX	
BF	
XX	
P0	A	C	G	T
01	5	5	11	77
02	8	57	11	22
03	59	11	2	25
04	45	0	54	0
05	5	68	11	14
06	99	0	0	0
07	0	0	99	0
08	5	0	94	0
09	88	2	2	5
10	5	0	5	88
11	0	0	79	20
12	5	0	20	74
13	0	0	99	0
14	0	0	99	0
15	0	2	97	0
16	0	14	0	85
17	20	2	74	2
18	0	0	97	2
19	2	0	97	0
20	2	5	71	20
21	28	62	2	5
22	22	54	14	8
23	57	5	14	22
24	20	0	74	5
25	37	17	39	5
26	25	5	14	54
27	71	5	20	2
28	77	2	14	5
29	31	14	45	8
30	37	5	25	31
31	14	5	59	20
32	74	8	8	8
XX	
