ID	
XX	
BF	
XX	
P0	A	C	G	T
01	77	4	18	0
02	0	0	72	27
03	9	0	90	0
04	0	0	99	0
05	0	0	99	0
06	0	99	0	0
07	0	0	99	0
08	0	0	99	0
09	0	0	99	0
10	0	0	99	0
11	0	99	0	0
12	9	31	31	27
13	4	0	58	36
14	4	22	72	0
15	13	22	45	18
16	4	68	27	0
17	9	49	27	13
18	45	4	49	0
19	22	13	63	0
20	49	13	22	13
21	9	0	86	4
22	0	4	81	13
23	4	13	49	31
24	22	31	31	13
25	0	9	90	0
26	9	0	90	0
27	0	0	99	0
28	0	90	9	0
29	0	77	22	0
30	49	9	31	9
31	4	0	95	0
XX	
