ID	
XX	
BF	
XX	
P0	A	C	G	T
01	0	95	0	4
02	9	31	9	49
03	0	22	77	0
04	0	9	90	0
05	0	99	0	0
06	0	90	0	9
07	0	90	9	0
08	13	31	31	22
09	31	49	13	4
10	13	81	4	0
11	4	86	0	9
12	13	22	13	49
13	0	63	13	22
14	0	49	4	45
15	13	27	49	9
16	0	27	68	4
17	18	45	22	13
18	0	72	22	4
19	36	58	0	4
20	27	31	31	9
21	0	0	99	0
22	0	99	0	0
23	0	99	0	0
24	0	99	0	0
25	0	99	0	0
26	0	0	99	0
27	0	99	0	0
28	0	99	0	0
29	0	90	0	9
30	27	72	0	0
31	0	18	4	77
XX	
