ID	
XX	
BF	
XX	
P0	A	C	G	T
01	54	0	45	0
02	18	45	36	0
03	9	45	36	9
04	36	45	0	18
05	0	45	54	0
06	0	45	18	36
07	9	72	18	0
08	27	45	18	9
09	27	54	0	18
10	36	54	9	0
11	45	45	0	9
12	9	54	18	18
13	0	99	0	0
14	0	9	0	90
15	0	81	18	0
16	0	99	0	0
17	54	9	9	27
18	72	0	18	9
19	0	0	99	0
20	0	99	0	0
21	0	99	0	0
22	0	99	0	0
23	0	99	0	0
24	0	0	99	0
25	0	99	0	0
26	0	99	0	0
27	0	18	0	81
28	18	72	0	9
29	0	99	0	0
30	45	0	0	54
XX	
