ID	
XX	
BF	
XX	
P0	A	C	G	T
01	54	0	0	45
02	0	0	99	0
03	9	0	72	18
04	81	0	18	0
05	0	0	99	0
06	0	0	99	0
07	0	99	0	0
08	0	0	99	0
09	0	0	99	0
10	0	0	99	0
11	0	0	99	0
12	0	99	0	0
13	9	18	0	72
14	27	9	9	54
15	0	0	99	0
16	0	18	81	0
17	90	0	9	0
18	0	0	99	0
19	18	18	54	9
20	9	0	45	45
21	0	9	54	36
22	18	0	54	27
23	9	18	45	27
24	0	18	72	9
25	36	18	45	0
26	0	54	45	0
27	18	0	45	36
28	9	36	45	9
29	0	36	45	18
30	0	45	0	54
XX	
