ID	
XX	
BF	
XX	
P0	A	C	G	T
01	72	0	18	9
02	0	18	63	18
03	4	27	4	63
04	9	72	0	18
05	9	0	18	72
06	0	18	63	18
07	58	13	9	18
08	36	9	31	22
09	22	9	58	9
10	0	9	36	54
11	4	49	9	36
12	31	0	68	0
13	99	0	0	0
14	4	77	9	9
15	4	95	0	0
16	0	0	4	95
17	0	0	99	0
18	0	0	81	18
19	9	0	68	22
20	86	0	4	9
21	13	9	4	72
22	0	0	58	40
23	0	90	0	9
24	18	0	0	81
XX	
