ID	
XX	
BF	
XX	
P0	A	C	G	T
01	81	0	0	18
02	9	0	90	0
03	40	58	0	0
04	72	4	9	13
05	9	4	0	86
06	22	68	0	9
07	18	81	0	0
08	0	99	0	0
09	95	4	0	0
10	0	0	95	4
11	9	9	77	4
12	0	0	0	99
13	0	68	0	31
14	36	9	49	4
15	54	36	9	0
16	9	58	9	22
17	22	31	9	36
18	18	9	13	58
19	18	63	18	0
20	72	18	0	9
21	18	0	72	9
22	63	4	27	4
23	18	63	18	0
24	9	18	0	72
XX	
