ID	
XX	
BF	
XX	
P0	A	C	G	T
01	4	0	95	0
02	0	99	0	0
03	4	95	0	0
04	0	99	0	0
05	0	99	0	0
06	0	0	99	0
07	0	99	0	0
08	0	99	0	0
09	0	65	13	21
10	4	73	17	4
11	0	34	21	43
12	43	34	17	4
13	4	30	39	26
14	0	69	8	21
15	13	73	4	8
16	17	56	21	4
17	4	39	52	4
18	4	52	34	8
19	13	56	21	8
20	4	73	17	4
21	0	91	0	8
22	0	30	0	69
23	0	0	99	0
24	0	4	73	21
25	0	95	0	4
XX	
