ID	
XX	
BF	
XX	
P0	A	C	G	T
01	4	0	95	0
02	21	73	4	0
03	0	99	0	0
04	69	0	30	0
05	8	0	91	0
06	4	17	73	4
07	8	21	56	13
08	8	34	52	4
09	4	52	39	4
10	4	21	56	17
11	8	4	73	13
12	21	8	69	0
13	26	39	30	4
14	4	17	34	43
15	43	21	34	0
16	4	17	73	4
17	21	13	65	0
18	0	0	99	0
19	0	0	99	0
20	0	99	0	0
21	0	0	99	0
22	0	0	99	0
23	0	0	95	4
24	0	0	99	0
25	0	95	0	4
XX	
