ID	
XX	
BF	
XX	
P0	A	C	G	T
01	4	0	95	0
02	0	99	0	0
03	0	93	0	6
04	0	99	0	0
05	0	99	0	0
06	0	0	99	0
07	0	99	0	0
08	0	99	0	0
09	0	91	0	8
10	8	82	0	8
11	15	36	28	19
12	6	36	23	32
13	10	39	45	4
14	8	52	32	6
15	10	54	26	8
16	4	43	32	19
17	2	63	26	8
18	4	71	17	6
19	26	39	15	19
20	34	28	30	6
21	15	17	60	6
22	0	99	0	0
23	13	63	2	21
24	4	95	0	0
25	0	86	13	0
26	2	0	97	0
27	0	99	0	0
28	2	97	0	0
XX	
