ID	
XX	
BF	
XX	
P0	A	C	G	T
01	0	4	4	90
02	0	77	9	13
03	9	36	4	49
04	0	81	4	13
05	0	4	0	95
06	0	40	4	54
07	4	0	0	95
08	0	68	18	13
09	4	4	9	81
10	0	58	13	27
11	0	27	0	72
12	0	90	0	9
13	0	0	0	99
14	0	45	0	54
15	0	4	0	95
16	4	77	4	13
17	9	27	4	58
18	4	81	0	13
19	0	4	0	95
20	4	27	0	68
21	9	27	0	63
22	0	99	0	0
XX	
