ID	
XX	
BF	
XX	
P0	A	C	G	T
01	0	0	97	2
02	0	0	99	0
03	0	97	0	2
04	0	13	86	0
05	0	0	95	4
06	21	2	63	13
07	0	0	99	0
08	6	60	17	15
09	6	30	28	34
10	19	15	39	26
11	6	17	71	4
12	8	26	63	2
13	19	32	43	4
14	8	26	54	10
15	6	32	52	8
16	4	45	39	10
17	32	23	36	6
18	19	28	36	15
19	8	0	82	8
20	8	0	91	0
21	0	0	99	0
22	0	0	99	0
23	0	99	0	0
24	0	0	99	0
25	0	0	99	0
26	6	0	93	0
27	0	0	99	0
28	0	95	0	4
XX	
