ID	
XX	
BF	
XX	
P0	A	C	G	T
01	7	10	0	81
02	0	0	0	99
03	0	0	0	99
04	0	99	0	0
05	5	84	0	10
06	0	63	20	15
07	10	28	18	43
08	7	69	0	23
09	0	41	2	56
10	0	66	10	23
11	5	17	5	71
12	0	76	0	23
13	7	71	0	20
14	12	56	15	15
15	5	15	10	69
16	10	69	15	5
17	5	64	0	30
18	12	86	0	0
19	0	2	0	97
20	0	15	0	84
21	0	25	0	74
XX	
