ID	
XX	
BF	
XX	
P0	A	C	G	T
01	74	0	25	0
02	84	0	15	0
03	97	0	2	0
04	0	0	86	12
05	30	0	64	5
06	5	15	69	10
07	69	10	15	5
08	15	15	56	12
09	20	0	71	7
10	23	0	76	0
11	71	5	17	5
12	23	10	66	0
13	56	2	41	0
14	23	0	69	7
15	43	18	28	10
16	15	20	63	0
17	10	0	84	5
18	0	0	99	0
19	99	0	0	0
20	99	0	0	0
21	81	0	10	7
XX	
