ID	
XX	
BF	
XX	
P0	A	C	G	T
01	0	99	0	0
02	0	0	0	99
03	0	96	3	0
04	7	78	0	14
05	0	7	0	92
06	0	78	10	10
07	3	78	17	0
08	0	42	0	56
09	0	85	10	3
10	3	53	25	17
11	0	32	0	67
12	0	78	0	21
13	3	64	7	25
14	0	21	3	74
15	0	71	0	28
16	0	81	0	17
17	0	21	0	78
18	0	92	0	7
19	0	64	21	14
20	10	21	7	60
21	0	78	10	10
22	7	60	21	10
23	0	28	10	60
24	0	99	0	0
25	0	99	0	0
26	0	0	7	92
27	0	99	0	0
28	0	99	0	0
29	0	0	0	99
30	0	99	0	0
31	0	99	0	0
32	0	0	0	99
XX	
