ID	
XX	
BF	
XX	
P0	A	C	G	T
01	9	0	90	0
02	0	99	0	0
03	9	81	0	9
04	0	0	0	99
05	0	99	0	0
06	0	99	0	0
07	0	0	0	99
08	0	0	99	0
09	0	0	4	95
10	0	95	4	0
11	0	68	18	13
12	0	90	9	0
13	4	27	58	9
14	4	72	22	0
15	0	81	4	13
16	9	27	0	63
17	4	81	0	13
18	4	81	0	13
19	4	18	0	77
20	9	4	68	18
21	0	27	4	68
22	0	86	4	9
23	0	72	18	9
24	4	77	9	9
25	9	31	54	4
26	0	86	4	9
27	0	81	4	13
28	0	18	9	72
XX	
