ID	
XX	
BF	
XX	
P0	A	C	G	T
01	0	99	0	0
02	0	89	0	10
03	5	0	0	94
04	0	99	0	0
05	5	94	0	0
06	0	0	0	99
07	0	10	69	20
08	5	10	25	59
09	0	89	5	5
10	0	79	10	10
11	5	84	0	10
12	0	15	59	25
13	5	74	10	10
14	10	84	0	5
15	0	30	5	64
16	0	99	0	0
17	0	99	0	0
18	5	5	0	89
19	0	10	89	0
20	0	0	15	84
21	0	94	5	0
22	0	69	20	10
23	0	89	10	0
24	20	20	49	10
25	10	79	5	5
26	5	79	10	5
27	5	10	15	69
28	15	69	10	5
29	10	84	0	5
30	5	20	5	69
31	5	15	69	10
32	10	25	0	64
33	5	64	5	25
34	0	64	29	5
35	5	69	10	15
36	15	5	44	34
37	0	89	0	10
38	10	74	15	0
39	10	20	10	59
40	0	69	15	15
41	10	74	10	5
42	10	20	0	69
XX	
