ID	
XX	
BF	
XX	
P0	A	C	G	T
01	0	99	0	0
02	5	0	20	74
03	0	0	99	0
04	0	10	35	54
05	0	99	0	0
06	0	79	15	5
07	10	79	5	5
08	10	0	89	0
09	0	94	5	0
10	0	94	0	5
11	0	10	0	89
12	0	99	0	0
13	0	99	0	0
14	5	0	0	94
15	0	10	89	0
16	0	30	15	54
17	0	99	0	0
18	0	84	15	0
19	0	74	25	0
20	5	39	54	0
21	5	74	10	10
22	0	69	5	25
23	0	25	0	74
24	0	84	5	10
25	0	69	29	0
26	0	25	20	54
27	10	15	74	0
28	0	15	10	74
XX	
