ID	
XX	
BF	
XX	
P0	A	C	G	T
01	0	95	0	4
02	0	95	0	4
03	0	0	0	99
04	0	0	99	0
05	0	4	20	74
06	4	78	12	4
07	8	62	16	12
08	0	74	8	16
09	12	25	62	0
10	12	58	16	12
11	8	78	8	4
12	4	25	12	58
13	0	70	16	12
14	12	74	8	4
15	16	8	8	66
16	8	33	58	0
17	0	29	8	62
18	8	58	25	8
19	4	45	41	8
20	8	66	24	0
21	16	16	62	4
22	16	62	8	12
23	0	74	8	16
24	20	8	8	62
25	4	91	0	4
26	4	87	8	0
27	0	8	4	87
28	8	8	83	0
29	0	8	4	87
XX	
