ID	
XX	
BF	
XX	
P0	A	C	G	T
01	87	4	8	0
02	0	83	8	8
03	87	4	8	0
04	0	8	87	4
05	4	0	91	4
06	62	8	8	20
07	16	8	74	0
08	12	8	62	16
09	4	62	16	16
10	0	24	66	8
11	8	41	45	4
12	8	25	58	8
13	62	8	29	0
14	0	58	33	8
15	66	8	8	16
16	4	8	74	12
17	12	16	70	0
18	58	12	25	4
19	4	8	78	8
20	12	16	58	12
21	0	62	25	12
22	16	8	74	0
23	12	16	62	8
24	4	12	78	4
25	74	20	4	0
26	0	99	0	0
27	99	0	0	0
28	4	0	95	0
29	4	0	95	0
XX	
