ID	
XX	
BF	
XX	
P0	A	C	G	T
01	10	17	0	72
02	0	99	0	0
03	0	96	0	3
04	0	0	0	99
05	0	44	48	6
06	0	24	3	72
07	6	61	20	10
08	0	58	27	13
09	10	79	10	0
10	0	3	79	17
11	0	92	3	3
12	6	92	0	0
13	0	0	0	99
14	0	99	0	0
15	0	99	0	0
16	0	0	0	99
17	3	17	75	3
18	0	37	6	55
19	0	92	0	6
20	3	61	10	24
21	13	72	6	6
22	6	3	65	24
23	3	86	3	6
24	17	61	0	20
25	0	44	0	55
26	0	82	6	10
27	20	68	0	10
28	3	44	3	48
29	0	24	58	17
30	3	6	17	72
XX	
