ID	
XX	
BF	
XX	
P0	A	C	G	T
01	72	17	6	3
02	17	58	24	0
03	48	3	44	3
04	10	0	68	20
05	10	6	82	0
06	55	0	44	0
07	20	0	61	17
08	6	3	86	3
09	24	65	3	6
10	6	6	72	13
11	24	10	61	3
12	6	0	92	0
13	55	6	37	0
14	3	75	17	3
15	99	0	0	0
16	0	0	99	0
17	0	0	99	0
18	99	0	0	0
19	0	0	92	6
20	3	3	92	0
21	17	79	3	0
22	0	10	79	10
23	13	27	58	0
24	10	20	61	6
25	72	3	24	0
26	6	48	44	0
27	99	0	0	0
28	3	0	96	0
29	0	0	99	0
30	72	0	17	10
XX	
