ID	
XX	
BF	
XX	
P0	A	C	G	T
01	0	0	99	0
02	0	99	0	0
03	16	83	0	0
04	0	99	0	0
05	0	99	0	0
06	0	0	99	0
07	0	99	0	0
08	0	99	0	0
09	0	70	0	29
10	20	78	0	0
11	0	45	8	45
12	33	41	16	8
13	8	16	37	37
14	12	62	8	16
15	16	25	33	25
16	20	45	20	12
17	0	45	45	8
18	4	78	0	16
19	16	45	0	37
20	8	29	54	8
21	0	29	70	0
22	0	83	8	8
23	0	83	0	16
24	8	91	0	0
25	0	41	25	33
26	0	0	83	16
27	0	83	4	12
28	0	99	0	0
29	0	99	0	0
30	8	16	0	74
31	0	99	0	0
XX	
