ID	
XX	
BF	
XX	
P0	A	C	G	T
01	0	0	99	0
02	74	0	16	8
03	0	0	99	0
04	0	0	99	0
05	12	4	83	0
06	16	83	0	0
07	33	25	41	0
08	0	0	91	8
09	16	0	83	0
10	8	8	83	0
11	0	70	29	0
12	8	54	29	8
13	37	0	45	16
14	16	0	78	4
15	8	45	45	0
16	12	20	45	20
17	25	33	25	16
18	16	8	62	12
19	37	37	16	8
20	8	16	41	33
21	45	8	45	0
22	0	0	78	20
23	29	0	70	0
24	0	0	99	0
25	0	0	99	0
26	0	99	0	0
27	0	0	99	0
28	0	0	99	0
29	0	0	83	16
30	0	0	99	0
31	0	99	0	0
XX	
