ID	
XX	
BF	
XX	
P0	A	C	G	T
01	0	86	6	6
02	13	6	13	66
03	6	6	79	6
04	6	73	13	6
05	0	66	6	26
06	86	6	0	6
07	6	20	73	0
08	6	73	13	6
09	79	6	13	0
10	0	99	0	0
11	79	20	0	0
12	0	13	86	0
13	0	79	0	20
14	93	0	0	6
15	6	6	86	0
16	0	0	0	99
17	0	99	0	0
18	0	0	0	99
19	0	6	93	0
20	79	6	13	0
21	46	6	39	6
22	13	6	59	20
23	0	6	20	73
24	6	79	0	13
25	26	6	53	13
26	79	6	6	6
27	6	73	13	6
28	0	73	6	20
29	6	6	0	86
30	20	0	79	0
31	0	0	99	0
32	20	0	73	6
33	86	6	0	6
34	0	6	0	93
35	6	0	73	20
36	6	86	0	6
37	0	6	0	93
38	33	20	26	20
39	13	13	66	6
40	73	6	20	0
41	6	13	79	0
42	6	79	6	6
43	0	6	6	86
44	6	13	13	66
45	13	0	66	20
46	6	6	79	6
47	6	6	13	73
48	13	6	73	6
49	20	0	79	0
50	6	0	93	0
51	6	6	86	0
52	6	0	93	0
53	13	0	79	6
54	86	6	6	0
55	0	6	93	0
56	6	0	93	0
XX	
