ID	
XX	
BF	
XX	
P0	A	C	G	T
01	0	93	0	6
02	0	93	6	0
03	0	6	6	86
04	6	79	0	13
05	0	93	0	6
06	0	86	6	6
07	0	93	0	6
08	0	79	0	20
09	6	73	6	13
10	73	13	6	6
11	6	79	6	6
12	20	66	0	13
13	66	13	13	6
14	86	6	6	0
15	6	6	79	6
16	0	79	13	6
17	0	20	6	73
18	6	66	13	13
19	20	26	20	33
20	93	0	6	0
21	6	0	86	6
22	20	73	0	6
23	93	0	6	0
24	6	0	6	86
25	6	73	0	20
26	0	99	0	0
27	0	79	0	20
28	86	0	6	6
29	20	6	73	0
30	6	13	73	6
31	6	6	6	79
32	13	53	6	26
33	13	0	79	6
34	73	20	6	0
35	20	59	6	13
36	6	39	6	46
37	0	13	6	79
38	0	93	6	0
39	99	0	0	0
40	0	0	99	0
41	99	0	0	0
42	0	86	6	6
43	6	0	0	93
44	20	0	79	0
45	0	86	13	0
46	0	0	20	79
47	0	0	99	0
48	0	13	6	79
49	6	13	73	6
50	0	73	20	6
51	6	0	6	86
52	26	6	66	0
53	6	13	73	6
54	6	79	6	6
55	66	13	6	13
56	6	6	86	0
XX	
