ID	
XX	
BF	
XX	
P0	A	C	G	T
01	77	3	12	6
02	83	9	6	0
03	90	9	0	0
04	93	3	3	0
05	64	3	29	3
06	70	19	6	3
07	0	99	0	0
08	0	3	0	96
09	0	0	96	3
10	0	3	96	0
11	0	93	6	0
12	0	99	0	0
13	0	99	0	0
14	0	3	3	93
15	0	96	3	0
16	0	93	6	0
17	0	99	0	0
18	90	6	3	0
19	0	86	0	12
20	0	96	3	0
21	0	74	0	25
22	0	3	3	93
23	77	22	0	0
24	22	3	74	0
25	0	45	3	51
26	0	93	0	6
27	0	19	3	77
28	0	9	0	90
29	0	12	0	86
30	3	3	0	93
31	83	3	9	3
32	57	0	9	32
33	0	16	0	83
34	93	3	3	0
35	0	12	0	86
36	0	3	90	6
37	0	83	0	16
38	99	0	0	0
39	96	0	3	0
40	90	0	6	3
41	0	6	0	93
42	12	3	74	9
43	12	51	3	32
44	45	12	38	3
45	9	6	83	0
XX	
