ID	
XX	
BF	
XX	
P0	A	C	G	T
01	0	83	6	9
02	3	38	12	45
03	32	3	51	12
04	9	74	3	12
05	93	0	6	0
06	3	6	0	90
07	0	3	0	96
08	0	0	0	99
09	16	0	83	0
10	6	90	3	0
11	86	0	12	0
12	0	3	3	93
13	83	0	16	0
14	32	9	0	57
15	3	9	3	83
16	93	0	3	3
17	86	0	12	0
18	90	0	9	0
19	77	3	19	0
20	6	0	93	0
21	51	3	45	0
22	0	74	3	22
23	0	0	22	77
24	93	3	3	0
25	25	0	74	0
26	0	3	96	0
27	12	0	86	0
28	0	3	6	90
29	0	0	99	0
30	0	6	93	0
31	0	3	96	0
32	93	3	3	0
33	0	0	99	0
34	0	0	99	0
35	0	6	93	0
36	0	96	3	0
37	3	96	0	0
38	96	0	3	0
39	0	0	99	0
40	3	6	19	70
41	3	29	3	64
42	0	3	3	93
43	0	0	9	90
44	0	6	9	83
45	6	12	3	77
XX	
