ID	
XX	
BF	
XX	
P0	A	C	G	T
01	9	9	9	72
02	0	36	9	54
03	0	45	9	45
04	9	36	9	45
05	0	18	18	63
06	0	54	0	45
07	18	18	9	54
08	0	36	9	54
09	0	18	9	72
10	0	63	9	27
11	0	9	0	90
12	9	72	0	18
13	0	18	0	81
14	9	81	0	9
15	0	0	0	99
16	0	45	9	45
17	0	0	0	99
18	9	90	0	0
19	0	27	9	63
20	0	90	9	0
21	0	0	0	99
22	0	72	9	18
23	0	9	0	90
24	0	81	18	0
25	0	9	9	81
26	0	81	9	9
27	9	36	0	54
28	0	99	0	0
29	0	9	0	90
30	0	45	0	54
31	0	18	0	81
32	9	81	0	9
33	0	27	9	63
34	9	81	9	0
35	0	36	18	45
36	0	72	18	9
37	9	27	9	54
38	9	63	9	18
39	0	63	18	18
40	0	99	0	0
XX	
