ID	
XX	
BF	
XX	
P0	A	C	G	T
01	0	85	7	7
02	0	28	14	56
03	7	7	71	14
04	0	71	28	0
05	7	78	0	14
06	71	14	7	7
07	0	21	71	7
08	7	71	7	14
09	64	21	7	7
10	0	78	0	21
11	71	0	7	21
12	0	14	78	7
13	21	64	14	0
14	71	0	14	14
15	0	14	71	14
16	0	28	0	71
17	7	85	0	7
18	7	0	7	85
19	0	7	78	14
20	71	7	14	7
21	49	7	28	14
22	14	7	71	7
23	0	7	28	64
24	0	64	7	28
25	21	0	78	0
26	99	0	0	0
27	0	99	0	0
28	0	99	0	0
29	0	0	0	99
30	0	0	99	0
31	0	0	99	0
32	7	0	78	14
33	92	0	7	0
34	14	14	0	71
35	0	0	71	28
36	0	99	0	0
37	21	0	0	78
XX	
