ID	
XX	
BF	
XX	
P0	A	C	G	T
01	78	0	0	21
02	0	0	99	0
03	28	71	0	0
04	71	0	14	14
05	0	7	0	92
06	14	78	0	7
07	0	99	0	0
08	0	99	0	0
09	99	0	0	0
10	0	0	99	0
11	0	0	99	0
12	0	0	0	99
13	0	78	0	21
14	28	7	64	0
15	64	28	7	0
16	7	71	7	14
17	14	28	7	49
18	7	14	7	71
19	14	78	7	0
20	85	7	0	7
21	7	0	85	7
22	71	0	28	0
23	14	71	14	0
24	14	14	0	71
25	0	14	64	21
26	7	78	14	0
27	21	7	0	71
28	21	0	78	0
29	7	7	21	64
30	14	7	71	7
31	7	71	21	0
32	7	7	14	71
33	14	0	78	7
34	0	28	71	0
35	14	71	7	7
36	56	14	28	0
37	7	7	85	0
XX	
