ID	
XX	
BF	
XX	
P0	A	C	G	T
01	70	8	16	4
02	4	83	8	4
03	12	16	0	70
04	16	74	8	0
05	74	0	16	8
06	74	8	16	0
07	12	12	66	8
08	8	78	4	8
09	4	83	8	4
10	16	12	0	70
11	4	74	20	0
12	78	4	8	8
13	4	12	70	12
14	8	66	8	16
15	70	16	4	8
16	70	8	8	12
17	4	20	8	66
18	0	12	87	0
19	8	12	74	4
20	8	33	12	45
21	4	0	95	0
22	0	0	99	0
23	91	8	0	0
24	0	74	24	0
25	4	0	91	4
26	0	74	24	0
27	0	99	0	0
28	0	99	0	0
29	0	99	0	0
30	0	0	0	99
31	0	99	0	0
32	0	99	0	0
33	0	99	0	0
XX	
