ID	
XX	
BF	
XX	
P0	A	C	G	T
01	0	0	99	0
02	0	0	99	0
03	0	0	99	0
04	99	0	0	0
05	0	0	99	0
06	0	0	99	0
07	0	0	99	0
08	0	24	74	0
09	4	91	0	4
10	0	24	74	0
11	0	0	8	91
12	0	99	0	0
13	0	95	0	4
14	45	12	33	8
15	4	74	12	8
16	0	87	12	0
17	66	8	20	4
18	12	8	8	70
19	8	4	16	70
20	16	8	66	8
21	12	70	12	4
22	8	8	4	78
23	0	20	74	4
24	70	0	12	16
25	4	8	83	4
26	8	4	78	8
27	8	66	12	12
28	0	16	8	74
29	8	16	0	74
30	0	8	74	16
31	70	0	16	12
32	4	8	83	4
33	4	16	8	70
XX	
