ID	
XX	
BF	
XX	
P0	A	C	G	T
01	74	6	12	6
02	12	68	6	12
03	62	18	12	6
04	6	68	6	18
05	68	12	12	6
06	12	68	12	6
07	68	6	12	12
08	6	93	0	0
09	87	6	6	0
10	0	93	0	6
11	68	0	0	31
12	0	80	0	18
13	74	0	6	18
14	0	93	0	6
15	93	0	0	6
16	0	99	0	0
17	87	12	0	0
18	6	74	6	12
19	68	0	0	31
20	0	68	12	18
21	87	0	12	0
22	0	68	18	12
23	74	18	6	0
XX	
