ID	
XX	
BF	
XX	
P0	A	C	G	T
01	0	6	18	74
02	12	18	68	0
03	0	12	0	87
04	18	12	68	0
05	31	0	0	68
06	12	6	74	6
07	0	0	12	87
08	0	0	99	0
09	6	0	0	93
10	6	0	93	0
11	18	6	0	74
12	18	0	80	0
13	31	0	0	68
14	6	0	93	0
15	0	6	6	87
16	0	0	93	6
17	12	12	6	68
18	6	12	68	12
19	6	12	12	68
20	18	6	68	6
21	6	12	18	62
22	12	6	68	12
23	6	12	6	74
XX	
