ID	
XX	
BF	
XX	
P0	A	C	G	T
01	61	15	0	23
02	30	46	23	0
03	0	53	15	30
04	0	23	23	53
05	0	30	46	23
06	23	7	38	30
07	7	61	0	30
08	38	23	0	38
09	15	53	23	7
10	0	15	68	15
11	15	46	15	23
12	7	30	38	23
13	23	7	15	53
14	23	61	15	0
15	15	61	15	7
16	15	7	0	76
17	30	0	53	15
18	0	0	53	46
19	23	69	0	7
20	15	61	0	23
21	15	61	15	7
22	0	15	68	15
23	0	69	23	7
24	30	46	7	15
25	0	15	7	76
26	0	84	7	7
27	0	84	15	0
28	0	0	0	99
29	0	0	99	0
30	0	0	38	61
31	0	99	0	0
32	15	69	7	7
33	0	99	0	0
34	0	23	76	0
35	0	91	0	7
36	0	91	7	0
37	0	7	0	91
38	7	91	0	0
39	0	84	0	15
40	0	7	0	91
41	0	30	68	0
42	0	30	0	68
43	0	61	0	38
44	0	61	23	15
45	0	91	0	7
46	15	0	68	15
47	0	91	0	7
48	0	99	0	0
49	0	0	0	99
50	0	99	0	0
51	0	99	0	0
52	0	0	0	99
53	0	23	61	15
54	0	15	0	84
55	0	76	7	15
56	23	46	30	0
57	15	61	0	23
58	15	0	53	30
59	7	69	7	15
60	0	84	15	0
61	0	23	0	76
62	0	84	0	15
63	0	84	7	7
64	0	23	0	76
65	0	23	61	15
66	15	0	0	84
67	7	76	7	7
68	0	69	23	7
69	0	61	7	30
70	23	15	46	15
71	0	76	7	15
72	15	76	7	0
73	0	30	0	68
XX	
