ID	
XX	
BF	
XX	
P0	A	C	G	T
01	0	0	99	0
02	0	99	0	0
03	6	93	0	0
04	0	99	0	0
05	0	99	0	0
06	0	0	99	0
07	0	99	0	0
08	4	95	0	0
09	6	81	0	11
10	2	93	0	4
11	15	43	6	34
12	11	20	24	43
13	18	40	31	9
14	13	61	11	13
15	9	47	38	4
16	13	43	15	27
17	15	40	34	9
18	6	43	31	18
19	9	52	31	6
20	15	56	13	13
21	6	43	20	29
22	6	63	2	27
23	22	45	27	4
24	22	29	31	15
25	0	0	97	2
26	4	86	2	6
27	0	99	0	0
28	2	88	6	2
29	4	90	2	2
30	6	6	86	0
XX	
