ID	
XX	
BF	
XX	
P0	A	C	G	T
01	0	0	99	0
02	0	0	99	0
03	0	0	99	0
04	99	0	0	0
05	0	0	99	0
06	0	0	88	11
07	99	0	0	0
08	0	0	99	0
09	0	0	99	0
10	38	22	38	0
11	5	11	83	0
12	33	11	55	0
13	38	11	44	5
14	16	16	55	11
15	38	27	33	0
16	11	11	77	0
17	44	5	49	0
18	16	11	60	11
19	22	38	38	0
20	27	11	55	5
21	5	33	38	22
22	16	33	27	22
23	16	22	22	38
24	16	27	44	11
25	5	22	60	11
26	16	22	27	33
27	16	16	38	27
28	16	16	55	11
29	22	22	27	27
30	44	44	0	11
31	22	38	38	0
32	16	44	22	16
33	27	16	44	11
34	33	33	11	22
35	22	49	5	22
36	11	38	27	22
37	16	44	38	0
38	44	27	16	11
39	27	22	33	16
40	33	33	22	11
41	22	27	38	11
42	27	16	38	16
43	33	22	27	16
44	5	38	55	0
45	0	99	0	0
46	16	77	5	0
47	0	5	5	88
48	0	83	5	11
49	16	83	0	0
XX	
