ID	
XX	
BF	
XX	
P0	A	C	G	T
01	0	0	83	16
02	11	5	83	0
03	88	5	5	0
04	0	5	77	16
05	0	0	99	0
06	0	55	38	5
07	16	27	22	33
08	16	38	16	27
09	11	38	27	22
10	11	22	33	33
11	16	33	22	27
12	11	16	27	44
13	0	38	44	16
14	22	27	38	11
15	22	5	49	22
16	22	11	33	33
17	11	44	16	27
18	16	22	44	16
19	0	38	38	22
20	11	0	44	44
21	27	27	22	22
22	11	55	16	16
23	27	38	16	16
24	33	27	22	16
25	11	60	22	5
26	11	44	27	16
27	38	22	22	16
28	22	27	33	16
29	22	38	33	5
30	5	55	11	27
31	0	38	38	22
32	11	60	11	16
33	0	49	5	44
34	0	77	11	11
35	0	33	27	38
36	11	55	16	16
37	5	44	11	38
38	0	55	11	33
39	0	83	11	5
40	0	38	22	38
41	0	99	0	0
42	0	99	0	0
43	0	0	0	99
44	11	88	0	0
45	0	99	0	0
46	0	0	0	99
47	0	99	0	0
48	0	99	0	0
49	0	99	0	0
XX	
