ID	
XX	
BF	
XX	
P0	A	C	G	T
01	27	0	72	0
02	0	0	99	0
03	0	99	0	0
04	0	99	0	0
05	0	99	0	0
06	0	99	0	0
07	0	0	99	0
08	0	99	0	0
09	0	99	0	0
10	0	27	0	72
11	0	90	0	9
12	0	99	0	0
13	0	9	0	90
14	18	45	36	0
15	54	45	0	0
16	0	63	36	0
17	9	45	9	36
18	9	54	36	0
19	9	27	54	9
20	9	9	27	54
21	0	36	27	36
22	9	81	0	9
23	0	36	18	45
24	9	81	9	0
25	9	63	18	9
26	18	18	36	27
27	0	45	45	9
28	9	36	36	18
29	0	18	18	63
30	0	90	0	9
31	9	45	0	45
32	9	36	54	0
33	18	0	63	18
34	9	54	27	9
35	9	90	0	0
36	9	18	9	63
37	18	9	18	54
38	45	9	45	0
39	9	18	72	0
40	0	81	9	9
41	0	81	9	9
42	0	81	9	9
43	18	36	27	18
44	0	18	81	0
45	0	72	18	9
46	9	72	9	9
47	9	63	0	27
48	0	54	18	27
49	36	63	0	0
50	27	27	18	27
51	9	18	72	0
52	36	45	9	9
53	0	72	18	9
54	0	99	0	0
55	36	9	9	45
56	9	0	90	0
57	0	9	54	36
58	0	99	0	0
XX	
