ID	
XX	
BF	
XX	
P0	A	C	G	T
01	0	86	6	6
02	2	2	90	4
03	2	6	88	2
04	0	0	99	0
05	6	2	86	4
06	2	97	0	0
07	15	31	29	22
08	4	27	45	22
09	27	2	63	6
10	29	20	43	6
11	13	13	56	15
12	6	31	52	9
13	18	31	43	6
14	9	34	40	15
15	27	15	43	13
16	4	38	47	9
17	13	11	61	13
18	9	31	40	18
19	43	24	20	11
20	34	6	43	15
21	4	0	93	2
22	11	0	81	6
23	0	0	95	4
24	0	0	99	0
25	0	99	0	0
26	0	0	99	0
27	0	0	99	0
28	0	0	93	6
29	0	0	99	0
30	0	99	0	0
XX	
