ID	
XX	
BF	
XX	
P0	A	C	G	T
01	2	0	97	0
02	56	22	18	2
03	11	20	6	61
04	9	43	9	38
05	45	18	31	4
06	9	52	29	9
07	27	25	36	11
08	22	34	11	31
09	15	43	29	11
10	2	43	36	18
11	9	40	27	22
12	6	40	29	22
13	15	50	22	11
14	11	43	36	9
15	9	43	18	29
16	9	47	11	31
17	27	31	20	20
18	11	27	40	20
19	6	2	90	0
20	0	99	0	0
21	2	90	0	6
22	0	99	0	0
23	0	99	0	0
24	0	0	99	0
25	0	99	0	0
26	2	97	0	0
XX	
