ID	
XX	
BF	
XX	
P0	A	C	G	T
01	0	0	97	2
02	0	0	99	0
03	0	99	0	0
04	0	0	99	0
05	0	0	99	0
06	6	0	90	2
07	0	0	99	0
08	0	90	2	6
09	20	40	27	11
10	20	20	31	27
11	31	11	47	9
12	29	18	43	9
13	9	36	43	11
14	11	22	50	15
15	22	29	40	6
16	22	27	40	9
17	18	36	43	2
18	11	29	43	15
19	31	11	34	22
20	11	36	25	27
21	9	29	52	9
22	4	31	18	45
23	38	9	43	9
24	61	6	20	11
25	2	18	22	56
26	0	97	0	2
XX	
