ID	
XX	
BF	
XX	
P0	A	C	G	T
01	0	20	79	0
02	79	10	5	5
03	10	5	84	0
04	0	7	87	5
05	0	59	25	15
06	5	61	10	23
07	0	64	33	2
08	12	46	33	7
09	12	35	38	12
10	20	48	25	5
11	2	56	28	12
12	10	53	17	17
13	12	35	23	28
14	15	53	28	2
15	15	30	48	5
16	5	61	25	7
17	7	48	23	20
18	5	38	38	17
19	28	41	10	20
20	20	23	38	17
21	2	7	87	2
22	0	99	0	0
23	2	94	2	0
24	0	99	0	0
25	0	99	0	0
26	0	0	99	0
27	0	99	0	0
28	5	94	0	0
XX	
