ID	
XX	
BF	
XX	
P0	A	C	G	T
01	0	0	94	5
02	0	0	99	0
03	0	99	0	0
04	0	0	99	0
05	0	0	99	0
06	0	2	94	2
07	0	0	99	0
08	2	87	7	2
09	17	38	23	20
10	20	10	41	28
11	17	38	38	5
12	20	23	48	7
13	7	25	61	5
14	5	48	30	15
15	2	28	53	15
16	28	23	35	12
17	17	17	53	10
18	12	28	56	2
19	5	25	48	20
20	12	38	35	12
21	7	33	46	12
22	2	33	64	0
23	23	10	61	5
24	15	25	59	0
25	5	87	7	0
26	0	84	5	10
27	5	5	10	79
28	0	79	20	0
XX	
