ID	
XX	
BF	
XX	
P0	A	C	G	T
01	0	99	0	0
02	4	12	63	20
03	12	16	71	0
04	16	20	63	0
05	0	24	75	0
06	0	95	4	0
07	43	35	12	8
08	4	67	27	0
09	12	35	31	20
10	16	35	27	20
11	8	51	27	12
12	4	67	20	8
13	8	51	20	20
14	4	63	20	12
15	12	39	27	20
16	4	35	28	31
17	4	43	43	8
18	4	75	8	12
19	4	55	20	20
20	35	31	8	24
21	12	39	43	4
22	0	0	99	0
23	0	99	0	0
24	4	95	0	0
25	0	99	0	0
26	0	99	0	0
27	0	0	99	0
28	0	99	0	0
29	0	99	0	0
30	4	87	0	8
31	8	87	4	0
32	4	12	8	75
XX	
