ID	
XX	
BF	
XX	
P0	A	C	G	T
01	75	8	12	4
02	0	4	87	8
03	8	0	87	4
04	0	0	99	0
05	0	0	99	0
06	0	99	0	0
07	0	0	99	0
08	0	0	99	0
09	0	0	95	4
10	0	0	99	0
11	0	99	0	0
12	4	43	39	12
13	24	8	31	35
14	20	20	55	4
15	12	8	75	4
16	8	43	43	4
17	31	28	35	4
18	20	27	39	12
19	12	20	63	4
20	20	20	51	8
21	8	20	67	4
22	12	27	51	8
23	20	27	35	16
24	20	31	35	12
25	0	27	67	4
26	8	12	35	43
27	0	4	95	0
28	0	75	24	0
29	0	63	20	16
30	0	71	16	12
31	20	63	12	4
32	0	0	99	0
XX	
