ID	
XX	
BF	
XX	
P0	A	C	G	T
01	5	5	89	0
02	0	99	0	0
03	0	94	0	5
04	0	99	0	0
05	0	99	0	0
06	0	0	99	0
07	0	99	0	0
08	5	94	0	0
09	0	73	10	15
10	0	89	5	5
11	10	31	26	31
12	57	15	5	21
13	10	26	52	10
14	36	36	26	0
15	0	52	31	15
16	21	52	21	5
17	21	36	21	21
18	5	52	36	5
19	5	42	36	15
20	5	57	31	5
21	26	52	10	10
22	21	57	10	10
23	15	42	31	10
24	26	31	21	21
25	10	62	21	5
26	26	62	10	0
27	36	21	21	21
28	15	31	47	5
29	15	31	36	15
30	31	47	0	21
31	5	42	10	42
32	10	36	36	15
33	15	52	21	10
34	0	5	89	5
35	5	94	0	0
36	0	21	0	78
37	10	47	21	21
38	21	47	26	5
39	0	0	99	0
XX	
