ID	
XX	
BF	
XX	
P0	A	C	G	T
01	0	99	0	0
02	5	26	47	21
03	21	21	47	10
04	78	0	21	0
05	0	0	94	5
06	5	89	5	0
07	10	21	52	15
08	15	36	36	10
09	42	10	42	5
10	21	0	47	31
11	15	36	31	15
12	5	47	31	15
13	21	21	21	36
14	0	10	62	26
15	5	21	62	10
16	21	21	31	26
17	10	31	42	15
18	10	10	57	21
19	10	10	52	26
20	5	31	57	5
21	15	36	42	5
22	5	36	52	5
23	21	21	36	21
24	5	21	52	21
25	15	31	52	0
26	0	26	36	36
27	10	52	26	10
28	21	5	15	57
29	31	26	31	10
30	5	5	89	0
31	15	10	73	0
32	0	0	94	5
33	0	0	99	0
34	0	99	0	0
35	0	0	99	0
36	0	0	99	0
37	5	0	94	0
38	0	0	99	0
39	0	89	5	5
XX	
