ID	
XX	
BF	
XX	
P0	A	C	G	T
01	0	3	96	0
02	0	99	0	0
03	0	93	0	6
04	0	99	0	0
05	0	99	0	0
06	0	0	99	0
07	0	99	0	0
08	0	99	0	0
09	0	96	3	0
10	15	84	0	0
11	12	21	25	40
12	28	37	25	9
13	15	31	34	18
14	21	53	18	6
15	15	53	12	18
16	6	25	43	25
17	28	28	28	15
18	6	46	18	28
19	21	56	9	12
20	18	28	25	28
21	18	46	18	15
22	18	34	18	28
23	15	40	18	25
24	0	78	6	15
25	6	49	18	24
26	21	53	15	9
27	15	31	34	18
28	9	37	46	6
29	21	56	12	9
30	6	49	12	31
31	25	25	21	28
32	15	28	25	31
33	21	40	31	6
34	21	31	37	9
35	3	90	6	0
36	31	31	3	34
37	0	90	3	6
38	3	96	0	0
39	0	0	99	0
40	0	99	0	0
41	0	99	0	0
XX	
