ID	
XX	
BF	
XX	
P0	A	C	G	T
01	0	0	99	0
02	0	0	99	0
03	0	99	0	0
04	0	0	96	3
05	6	3	90	0
06	34	3	31	31
07	0	6	90	3
08	9	37	31	21
09	6	31	40	21
10	31	25	28	15
11	28	21	25	25
12	31	12	49	6
13	9	12	56	21
14	6	46	37	9
15	18	34	31	15
16	9	15	53	21
17	24	18	49	6
18	15	6	78	0
19	25	18	40	15
20	28	18	34	18
21	15	18	46	18
22	28	25	28	18
23	12	9	56	21
24	28	18	46	6
25	15	28	28	28
26	25	43	25	6
27	18	12	53	15
28	6	18	53	21
29	18	34	31	15
30	9	25	37	28
31	40	25	21	12
32	0	0	84	15
33	0	3	96	0
34	0	0	99	0
35	0	0	99	0
36	0	99	0	0
37	0	0	99	0
38	0	0	99	0
39	6	0	93	0
40	0	0	99	0
41	0	96	3	0
XX	
