ID	
XX	
BF	
XX	
P0	A	C	G	T
01	0	99	0	0
02	0	0	0	99
03	0	94	0	5
04	0	99	0	0
05	0	0	0	99
06	0	99	0	0
07	0	99	0	0
08	0	99	0	0
09	15	36	10	36
10	5	42	21	31
11	26	42	0	31
12	10	26	26	36
13	5	26	36	31
14	10	15	31	42
15	0	26	57	15
16	15	42	15	26
17	10	31	26	31
18	15	21	36	26
19	5	52	31	10
20	5	42	10	42
21	5	47	21	26
22	5	57	10	26
23	10	52	10	26
24	10	57	15	15
25	5	62	26	5
26	5	47	21	26
27	5	57	26	10
28	5	36	10	47
29	0	21	21	57
30	57	26	5	10
31	10	31	36	21
32	5	31	36	26
33	10	31	5	52
34	15	52	26	5
35	21	31	5	42
36	0	10	78	10
37	5	62	26	5
38	0	94	0	5
39	0	0	5	94
40	0	99	0	0
41	0	99	0	0
42	0	15	5	78
XX	
