ID	
XX	
BF	
XX	
P0	A	C	G	T
01	78	5	15	0
02	0	0	99	0
03	0	0	99	0
04	94	5	0	0
05	5	0	94	0
06	5	26	62	5
07	10	78	10	0
08	42	5	31	21
09	5	26	52	15
10	52	5	31	10
11	26	36	31	5
12	21	36	31	10
13	10	5	26	57
14	57	21	21	0
15	47	10	36	5
16	10	26	57	5
17	26	21	47	5
18	5	26	62	5
19	15	15	57	10
20	26	10	52	10
21	26	10	57	5
22	26	21	47	5
23	42	10	42	5
24	10	31	52	5
25	26	36	21	15
26	31	26	31	10
27	26	15	42	15
28	15	57	26	0
29	42	31	15	10
30	31	36	26	5
31	36	26	26	10
32	31	0	42	26
33	31	21	42	5
34	36	10	36	15
35	0	0	99	0
36	0	0	99	0
37	0	0	99	0
38	99	0	0	0
39	0	0	99	0
40	5	0	94	0
41	99	0	0	0
42	0	0	99	0
XX	
