ID	
XX	
BF	
XX	
P0	A	C	G	T
01	0	0	99	0
02	0	95	0	4
03	0	99	0	0
04	4	86	8	0
05	0	95	4	0
06	0	4	95	0
07	4	78	17	0
08	17	69	4	8
09	4	73	0	21
10	34	39	8	17
11	13	52	8	26
12	26	8	26	39
13	8	47	26	17
14	8	47	26	17
15	13	56	26	4
16	17	43	34	4
17	0	34	39	26
18	34	30	17	17
19	4	56	30	8
20	13	39	21	26
21	21	52	8	17
22	26	13	47	13
23	13	30	30	26
24	4	56	30	8
25	8	21	34	34
26	13	56	21	8
27	13	69	8	8
28	17	47	13	21
29	8	47	30	13
30	4	60	21	13
31	21	56	8	13
32	4	47	34	13
33	13	34	30	21
34	13	43	8	34
35	0	56	30	13
36	4	26	26	43
37	30	39	30	0
38	21	17	30	30
39	0	8	91	0
40	0	99	0	0
41	0	91	0	8
42	0	99	0	0
43	0	99	0	0
44	0	0	99	0
45	0	99	0	0
46	0	99	0	0
XX	
