ID	
XX	
BF	
XX	
P0	A	C	G	T
01	9	0	9	81
02	27	18	54	0
03	18	9	0	72
04	81	9	9	0
05	63	18	18	0
06	54	0	36	9
07	18	81	0	0
08	18	81	0	0
09	99	0	0	0
10	99	0	0	0
11	99	0	0	0
12	99	0	0	0
13	99	0	0	0
14	9	9	9	72
15	99	0	0	0
16	63	0	36	0
17	99	0	0	0
18	90	9	0	0
19	18	0	9	72
20	27	0	9	63
21	9	90	0	0
22	9	18	0	72
23	81	0	9	9
24	72	0	18	9
25	36	0	63	0
XX	
