ID	
XX	
BF	
XX	
P0	A	C	G	T
01	0	63	0	36
02	9	18	0	72
03	9	9	0	81
04	72	0	18	9
05	0	0	90	9
06	63	9	0	27
07	72	9	0	18
08	0	0	9	90
09	0	0	0	99
10	0	36	0	63
11	0	0	0	99
12	72	9	9	9
13	0	0	0	99
14	0	0	0	99
15	0	0	0	99
16	0	0	0	99
17	0	0	0	99
18	0	0	81	18
19	0	0	81	18
20	9	36	0	54
21	0	18	18	63
22	0	9	9	81
23	72	0	9	18
24	0	54	18	27
25	81	9	0	9
XX	
