ID	
XX	
BF	
XX	
P0	A	C	G	T
01	0	0	99	0
02	0	0	99	0
03	0	99	0	0
04	0	0	99	0
05	0	0	99	0
06	8	0	91	0
07	0	0	99	0
08	0	91	8	0
09	30	30	17	21
10	0	30	39	30
11	43	26	26	4
12	13	30	56	0
13	34	8	43	13
14	21	30	34	13
15	13	34	47	4
16	13	8	56	21
17	13	21	60	4
18	13	30	47	8
19	21	13	47	17
20	8	8	69	13
21	8	21	56	13
22	34	34	21	8
23	8	30	56	4
24	26	30	30	13
25	13	47	13	26
26	17	8	52	21
27	26	21	39	13
28	8	30	56	4
29	17	17	30	34
30	26	39	34	0
31	4	34	43	17
32	4	26	56	13
33	17	26	47	8
34	17	26	47	8
35	39	26	8	26
36	26	8	52	13
37	17	8	39	34
38	21	0	73	4
39	8	4	69	17
40	0	17	78	4
41	0	95	4	0
42	0	4	95	0
43	0	8	86	4
44	0	0	99	0
45	4	0	95	0
46	0	99	0	0
XX	
