ID	
XX	
BF	
XX	
P0	A	C	G	T
01	2	5	89	2
02	2	94	0	2
03	5	89	0	5
04	7	82	2	7
05	5	87	2	5
06	2	2	94	0
07	7	84	5	2
08	25	59	15	0
09	2	79	12	5
10	22	57	5	15
11	7	29	35	27
12	20	32	25	22
13	2	54	29	12
14	5	59	32	2
15	15	57	22	5
16	22	25	37	15
17	10	45	32	12
18	17	32	40	10
19	17	50	29	2
20	17	59	10	12
21	5	29	52	12
22	20	59	15	5
23	15	37	40	7
24	20	52	27	0
25	10	62	15	12
26	12	57	20	10
27	20	47	27	5
28	2	52	35	10
29	7	54	27	10
30	10	65	12	12
31	15	59	17	7
32	5	45	25	25
33	2	54	27	15
34	15	50	25	10
35	27	47	22	2
36	22	25	35	17
37	5	57	25	12
38	12	59	20	7
39	29	45	22	2
40	40	27	15	17
41	0	0	89	10
42	0	99	0	0
43	5	87	0	7
44	0	99	0	0
45	0	99	0	0
46	0	0	99	0
47	0	99	0	0
48	0	99	0	0
XX	
