ID	
XX	
BF	
XX	
P0	A	C	G	T
01	0	0	99	0
02	0	0	99	0
03	0	99	0	0
04	0	0	99	0
05	0	0	99	0
06	7	0	87	5
07	0	0	99	0
08	10	89	0	0
09	17	15	27	40
10	2	22	45	29
11	7	20	59	12
12	12	25	57	5
13	17	35	25	22
14	2	22	47	27
15	10	25	50	15
16	15	27	54	2
17	25	25	45	5
18	7	17	59	15
19	12	12	65	10
20	10	27	54	7
21	10	35	52	2
22	5	27	47	20
23	10	20	57	12
24	12	15	62	10
25	0	27	52	20
26	7	40	37	15
27	5	15	59	20
28	12	52	29	5
29	12	10	59	17
30	2	29	50	17
31	10	40	32	17
32	12	32	45	10
33	15	37	25	22
34	5	22	57	15
35	2	32	59	5
36	12	29	54	2
37	22	25	32	20
38	27	35	29	7
39	15	5	57	22
40	5	12	79	2
41	0	15	59	25
42	2	5	84	7
43	0	94	2	2
44	5	2	87	5
45	7	2	82	7
46	5	0	89	5
47	2	0	94	2
48	2	89	5	2
XX	
