ID	
XX	
BF	
XX	
P0	A	C	G	T
01	8	4	87	0
02	36	14	6	42
03	24	22	2	50
04	14	24	2	59
05	77	8	8	6
06	0	91	6	2
07	10	61	12	16
08	8	16	18	57
09	51	18	24	6
10	20	53	14	12
11	14	20	24	40
12	10	59	18	12
13	53	22	14	10
14	57	16	12	14
15	4	22	67	6
16	16	57	12	14
17	12	63	12	12
18	10	20	8	61
19	14	44	24	16
20	44	16	22	16
21	10	16	57	16
22	12	51	14	22
23	55	28	8	8
24	51	16	20	12
25	10	12	14	63
26	4	20	65	10
27	10	26	51	12
28	16	44	2	36
29	22	16	57	4
30	14	16	61	8
31	28	28	24	18
32	4	83	8	4
33	16	18	44	20
34	2	69	24	4
35	0	99	0	0
36	2	97	0	0
37	0	99	0	0
38	2	2	6	89
39	0	99	0	0
40	0	99	0	0
41	4	93	0	2
XX	
