ID	
XX	
BF	
XX	
P0	A	C	G	T
01	2	0	93	4
02	0	0	99	0
03	0	0	99	0
04	89	6	2	2
05	0	0	99	0
06	0	0	97	2
07	0	0	99	0
08	4	24	69	2
09	20	44	18	16
10	4	8	83	4
11	18	24	28	28
12	8	61	16	14
13	4	57	16	22
14	36	2	44	16
15	12	51	26	10
16	10	65	20	4
17	63	14	12	10
18	12	20	16	51
19	8	8	28	55
20	22	14	51	12
21	16	57	16	10
22	16	22	16	44
23	16	24	44	14
24	61	8	20	10
25	12	12	63	12
26	14	12	57	16
27	6	67	22	4
28	14	12	16	57
29	10	14	22	53
30	12	18	59	10
31	40	24	20	14
32	12	14	53	20
33	6	24	18	51
34	57	18	16	8
35	16	12	61	10
36	2	6	91	0
37	6	8	8	77
38	59	2	24	14
39	50	2	22	24
40	42	6	14	36
41	0	87	4	8
XX	
