ID	
XX	
BF	
XX	
P0	A	C	G	T
01	2	5	89	2
02	5	94	0	0
03	2	5	2	89
04	2	16	24	56
05	21	24	2	51
06	0	10	86	2
07	10	8	8	72
08	0	45	5	48
09	13	27	5	54
10	54	29	13	2
11	10	64	16	8
12	10	72	8	8
13	0	29	21	48
14	51	27	13	8
15	13	70	2	13
16	16	13	29	40
17	8	59	24	8
18	48	35	10	5
19	54	21	13	10
20	10	35	51	2
21	10	70	10	8
22	13	64	16	5
23	10	13	21	54
24	10	56	29	2
25	37	21	24	16
26	2	13	70	13
27	2	59	16	21
28	54	24	13	8
29	37	18	29	13
30	0	21	8	70
31	2	29	62	5
32	13	32	48	5
33	2	54	13	29
34	16	24	48	10
35	5	18	67	8
36	27	32	29	10
37	0	89	2	8
38	21	13	45	18
39	5	78	13	2
40	0	99	0	0
41	0	99	0	0
42	0	99	0	0
43	0	2	2	94
44	0	99	0	0
45	0	97	2	0
46	0	94	0	5
XX	
