ID	
XX	
BF	
XX	
P0	A	C	G	T
01	5	0	94	0
02	0	2	97	0
03	0	0	99	0
04	94	2	2	0
05	0	0	99	0
06	0	0	99	0
07	0	0	99	0
08	2	13	78	5
09	18	45	13	21
10	8	2	89	0
11	10	29	32	27
12	8	67	18	5
13	10	48	24	16
14	29	13	54	2
15	5	48	32	13
16	5	62	29	2
17	70	8	21	0
18	13	29	18	37
19	8	13	24	54
20	21	16	59	2
21	13	70	13	2
22	16	24	21	37
23	2	29	56	10
24	54	21	13	10
25	5	16	64	13
26	8	10	70	10
27	2	51	35	10
28	10	13	21	54
29	5	10	35	48
30	8	24	59	8
31	40	29	13	16
32	13	2	70	13
33	8	13	27	51
34	48	21	29	0
35	8	8	72	10
36	8	16	64	10
37	2	13	29	54
38	54	5	27	13
39	48	5	45	0
40	72	8	8	10
41	2	86	10	0
42	51	2	24	21
43	56	24	16	2
44	89	2	5	2
45	0	0	94	5
46	2	89	5	2
XX	
