ID	
XX	
BF	
XX	
P0	A	C	G	T
01	0	6	91	2
02	0	99	0	0
03	4	87	2	6
04	0	99	0	0
05	0	99	0	0
06	0	0	99	0
07	0	99	0	0
08	0	99	0	0
09	0	77	2	20
10	12	76	0	12
11	6	36	14	43
12	20	21	23	34
13	14	42	30	14
14	16	54	12	18
15	10	43	32	14
16	6	32	43	18
17	14	46	26	14
18	22	42	24	12
19	16	48	24	12
20	8	30	40	22
21	12	48	30	10
22	18	42	30	10
23	12	48	24	16
24	14	48	22	16
25	20	48	14	18
26	10	48	24	18
27	18	34	18	30
28	12	52	18	18
29	10	36	40	14
30	18	34	26	22
31	16	28	26	30
32	14	32	32	21
33	16	40	36	8
34	14	36	34	16
35	10	47	32	10
36	20	28	36	16
37	10	40	30	20
38	16	30	38	16
39	12	40	26	22
40	18	34	36	12
41	10	26	44	20
42	24	28	26	22
43	10	47	32	10
44	8	36	34	21
45	2	74	18	6
46	4	29	10	55
47	4	18	68	10
48	10	8	69	12
49	6	8	75	10
50	2	8	81	8
XX	
