ID	
XX	
BF	
XX	
P0	A	C	G	T
01	8	81	8	2
02	10	75	8	6
03	12	69	8	10
04	10	68	18	4
05	55	10	29	4
06	6	18	74	2
07	21	34	36	8
08	10	32	47	10
09	22	26	28	24
10	20	44	26	10
11	12	36	34	18
12	22	26	40	12
13	16	38	30	16
14	20	30	40	10
15	16	36	28	20
16	10	32	47	10
17	16	34	36	14
18	8	36	40	16
19	21	32	32	14
20	30	26	28	16
21	22	26	34	18
22	14	40	36	10
23	18	18	52	12
24	30	18	34	18
25	18	24	48	10
26	18	14	48	20
27	16	22	48	14
28	16	24	48	12
29	10	30	42	18
30	10	30	48	12
31	22	40	30	8
32	12	24	48	16
33	12	24	42	22
34	14	26	46	14
35	18	43	32	6
36	14	32	43	10
37	18	12	54	16
38	14	30	42	14
39	34	23	21	20
40	43	14	36	6
41	12	0	76	12
42	20	2	77	0
43	0	0	99	0
44	0	0	99	0
45	0	99	0	0
46	0	0	99	0
47	0	0	99	0
48	6	2	87	4
49	0	0	99	0
50	2	91	6	0
XX	
