ID	
XX	
BF	
XX	
P0	A	C	G	T
01	3	3	93	0
02	0	99	0	0
03	6	87	0	6
04	0	99	0	0
05	0	99	0	0
06	0	0	99	0
07	0	99	0	0
08	0	99	0	0
09	3	87	0	9
10	6	93	0	0
11	3	36	3	57
12	24	30	30	15
13	15	36	30	18
14	15	45	18	21
15	15	42	24	18
16	18	24	39	18
17	12	42	33	12
18	12	48	30	9
19	21	48	15	15
20	21	36	24	18
21	3	48	36	12
22	9	33	45	12
23	9	54	24	12
24	27	45	9	18
25	9	48	30	12
26	9	57	15	18
27	12	27	33	27
28	21	42	12	24
29	12	54	18	15
30	12	54	24	9
31	18	45	15	21
32	18	30	36	15
33	18	42	27	12
34	21	36	27	15
35	24	33	27	15
36	3	60	18	18
37	6	54	30	9
38	15	54	15	15
39	15	36	33	15
40	21	24	36	18
41	27	36	15	21
42	30	42	9	18
43	15	36	30	18
44	24	30	18	27
45	3	30	45	21
46	12	36	27	24
47	15	36	24	24
48	9	51	24	15
49	21	42	21	15
50	6	18	57	18
51	0	48	33	18
52	0	87	6	6
53	0	93	0	6
54	6	30	12	51
55	3	3	81	12
XX	
