ID	
XX	
BF	
XX	
P0	A	C	G	T
01	12	81	3	3
02	51	12	30	6
03	6	0	93	0
04	6	6	87	0
05	18	33	48	0
06	18	57	18	6
07	15	21	42	21
08	15	24	51	9
09	24	24	36	15
10	24	27	36	12
11	21	45	30	3
12	27	18	30	24
13	18	30	36	15
14	18	9	42	30
15	21	15	36	27
16	18	36	24	21
17	15	33	36	15
18	15	15	54	15
19	9	30	54	6
20	18	18	60	3
21	15	27	33	24
22	15	27	36	21
23	12	27	42	18
24	15	36	30	18
25	21	15	45	18
26	9	24	54	12
27	15	18	54	12
28	24	12	42	21
29	27	33	27	12
30	18	15	57	9
31	12	30	48	9
32	18	9	45	27
33	12	24	54	9
34	12	45	33	9
35	12	36	48	3
36	18	24	36	21
37	15	15	48	21
38	9	30	48	12
39	12	33	42	12
40	18	39	24	18
41	18	24	42	15
42	21	18	45	15
43	18	30	36	15
44	15	30	30	24
45	57	3	36	3
46	0	0	93	6
47	9	0	87	3
48	0	0	99	0
49	0	0	99	0
50	0	99	0	0
51	0	0	99	0
52	0	0	99	0
53	6	0	87	6
54	0	0	99	0
55	0	93	3	3
XX	
