ID	
XX	
BF	
XX	
P0	A	C	G	T
01	0	94	5	0
02	69	5	15	10
03	5	74	15	5
04	0	74	5	20
05	15	79	0	5
06	29	34	25	10
07	10	49	39	0
08	10	54	29	5
09	5	20	64	10
10	25	25	49	0
11	0	39	49	10
12	20	49	20	10
13	5	59	20	15
14	15	54	29	0
15	5	25	44	25
16	10	34	25	29
17	15	30	15	39
18	20	54	15	10
19	5	49	34	10
20	15	49	20	15
21	29	34	20	15
22	10	29	34	25
23	5	44	25	25
24	5	29	49	15
25	5	44	34	15
26	10	29	39	20
27	15	34	29	20
28	15	64	20	0
29	15	54	10	20
30	15	39	25	20
31	15	44	29	10
32	10	44	39	5
33	10	59	15	15
34	10	59	29	0
35	20	44	29	5
36	20	59	5	15
37	10	44	29	15
38	20	59	15	5
39	10	59	10	20
40	25	34	20	20
41	5	34	34	25
42	15	64	10	10
43	15	34	29	20
44	15	34	34	15
45	0	84	5	10
46	0	89	0	10
47	20	10	15	54
48	0	5	94	0
49	0	0	99	0
50	0	99	0	0
51	0	99	0	0
52	0	99	0	0
53	0	99	0	0
54	0	0	99	0
55	0	99	0	0
56	0	99	0	0
XX	
