ID	
XX	
BF	
XX	
P0	A	C	G	T
01	0	95	4	0
02	65	4	13	17
03	8	60	26	4
04	4	69	8	17
05	8	69	17	4
06	30	43	17	8
07	13	26	47	13
08	21	47	17	13
09	4	30	56	8
10	8	47	34	8
11	26	34	26	13
12	17	34	47	0
13	21	47	30	0
14	4	52	34	8
15	26	34	13	26
16	13	56	21	8
17	17	43	13	26
18	21	34	17	26
19	17	52	17	13
20	4	73	21	0
21	17	43	21	17
22	4	39	47	8
23	21	34	26	17
24	21	30	17	30
25	8	34	30	26
26	17	39	8	34
27	13	34	39	13
28	4	47	34	13
29	4	43	26	26
30	4	43	30	21
31	17	47	30	4
32	21	39	26	13
33	4	39	52	4
34	13	52	21	13
35	17	52	21	8
36	17	47	13	21
37	17	52	26	4
38	8	17	47	26
39	4	56	26	13
40	13	69	13	4
41	21	21	34	21
42	13	34	43	8
43	17	47	30	4
44	13	39	30	17
45	17	34	26	21
46	17	60	4	17
47	34	26	17	21
48	30	17	52	0
49	0	0	99	0
50	0	99	0	0
51	0	0	0	99
52	0	99	0	0
53	0	99	0	0
54	0	0	99	0
55	0	99	0	0
56	0	99	0	0
XX	
