ID	
XX	
BF	
XX	
P0	A	C	G	T
01	0	0	99	0
02	0	0	99	0
03	0	99	0	0
04	0	0	99	0
05	0	0	99	0
06	99	0	0	0
07	0	0	99	0
08	0	99	0	0
09	0	52	17	30
10	21	17	26	34
11	17	4	60	17
12	21	26	34	17
13	17	30	39	13
14	4	30	47	17
15	8	43	34	13
16	21	34	21	21
17	4	13	69	13
18	13	26	56	4
19	26	47	17	8
20	4	26	52	17
21	21	13	47	17
22	8	21	52	17
23	13	21	52	13
24	4	52	39	4
25	13	26	39	21
26	4	30	47	17
27	21	30	43	4
28	26	26	43	4
29	13	34	47	4
30	13	39	34	13
31	34	8	39	17
32	26	30	34	8
33	30	17	30	21
34	17	26	34	21
35	8	47	39	4
36	17	21	43	17
37	0	21	73	4
38	13	17	52	17
39	26	17	34	21
40	26	13	43	17
41	8	21	56	13
42	26	13	34	26
43	8	34	52	4
44	0	30	47	21
45	0	47	34	17
46	13	26	34	26
47	8	34	47	8
48	8	56	30	4
49	13	17	47	21
50	13	47	26	13
51	8	17	43	30
52	4	17	69	8
53	17	8	69	4
54	4	26	60	8
55	17	13	4	65
56	0	4	95	0
XX	
