ID	
XX	
BF	
XX	
P0	A	C	G	T
01	0	95	4	0
02	54	13	13	18
03	0	58	36	4
04	9	63	18	9
05	4	81	4	9
06	27	31	18	22
07	9	40	27	22
08	18	45	22	13
09	13	49	22	13
10	22	45	18	13
11	13	45	27	13
12	18	31	36	13
13	4	40	27	27
14	18	36	22	22
15	9	63	18	9
16	22	58	4	13
17	27	18	40	13
18	22	36	22	18
19	9	36	27	27
20	22	40	18	18
21	4	49	27	18
22	9	27	27	36
23	9	68	4	18
24	13	36	27	22
25	4	49	18	27
26	18	36	18	27
27	31	40	18	9
28	22	22	27	27
29	18	31	27	22
30	22	27	13	36
31	9	36	18	36
32	18	27	36	18
33	9	58	22	9
34	13	27	27	31
35	18	49	13	18
36	18	31	31	18
37	27	27	22	22
38	9	40	31	18
39	9	45	9	36
40	4	49	18	27
41	0	54	22	22
42	13	45	22	18
43	13	45	22	18
44	18	27	22	31
45	4	54	27	13
46	9	45	27	18
47	27	31	22	18
48	4	49	9	36
49	4	13	13	68
50	4	54	18	22
51	0	99	0	0
52	0	99	0	0
53	0	99	0	0
54	0	0	0	99
55	0	99	0	0
56	0	99	0	0
57	4	95	0	0
XX	
