ID	
XX	
BF	
XX	
P0	A	C	G	T
01	0	0	95	4
02	0	0	99	0
03	0	0	99	0
04	99	0	0	0
05	0	0	99	0
06	0	0	99	0
07	0	0	99	0
08	22	18	54	4
09	68	13	13	4
10	36	9	49	4
11	18	22	31	27
12	18	27	45	9
13	13	27	54	4
14	31	22	27	18
15	18	22	45	13
16	18	22	45	13
17	22	22	54	0
18	27	18	49	4
19	36	9	45	9
20	18	31	40	9
21	22	22	27	27
22	18	31	31	18
23	18	13	49	18
24	31	27	27	13
25	9	22	58	9
26	18	36	27	18
27	36	18	36	9
28	36	13	27	22
29	22	27	31	18
30	27	27	22	22
31	9	18	40	31
32	27	18	36	18
33	27	18	49	4
34	22	27	36	13
35	18	4	68	9
36	36	27	27	9
37	18	27	49	4
38	18	18	40	22
39	27	27	36	9
40	18	22	36	22
41	13	40	18	27
42	13	4	58	22
43	9	18	63	9
44	22	22	36	18
45	27	27	40	4
46	13	36	31	18
47	13	27	45	13
48	13	18	45	22
49	13	22	49	13
50	13	22	45	18
51	22	27	40	9
52	22	18	31	27
53	9	4	81	4
54	9	18	63	9
55	4	36	58	0
56	18	13	13	54
57	0	4	95	0
XX	
