ID	
XX	
BF	
XX	
P0	A	C	G	T
01	0	20	0	79
02	6	93	0	0
03	0	79	6	13
04	6	26	0	66
05	13	73	0	13
06	6	79	0	13
07	0	20	13	66
08	6	73	0	20
09	6	93	0	0
10	6	79	0	13
11	46	6	6	39
12	20	59	0	20
13	6	73	13	6
14	53	26	6	13
15	0	26	59	13
16	20	0	6	73
17	6	39	46	6
18	6	26	46	20
19	0	73	0	26
20	0	99	0	0
21	0	99	0	0
22	0	99	0	0
23	0	0	0	99
24	0	99	0	0
25	0	99	0	0
26	0	0	0	99
27	0	99	0	0
28	0	99	0	0
29	0	0	0	99
30	0	86	6	6
31	0	99	0	0
32	6	86	0	6
33	73	0	0	26
34	0	93	6	0
35	0	53	0	46
36	46	26	13	13
37	6	13	59	20
38	0	13	6	79
XX	
