ID	
XX	
BF	
XX	
P0	A	C	G	T
01	79	6	13	0
02	20	59	13	6
03	13	13	26	46
04	46	0	53	0
05	0	6	93	0
06	26	0	0	73
07	6	0	86	6
08	0	0	99	0
09	6	6	86	0
10	99	0	0	0
11	0	0	99	0
12	0	0	99	0
13	99	0	0	0
14	0	0	99	0
15	0	0	99	0
16	99	0	0	0
17	0	0	99	0
18	0	0	99	0
19	0	0	99	0
20	26	0	73	0
21	20	46	26	6
22	6	46	39	6
23	73	6	0	20
24	13	59	26	0
25	13	6	26	53
26	6	13	73	6
27	20	0	59	20
28	39	6	6	46
29	13	0	79	6
30	0	0	93	6
31	20	0	73	6
32	66	13	20	0
33	13	0	79	6
34	13	0	73	13
35	66	0	26	6
36	13	6	79	0
37	0	0	93	6
38	79	0	20	0
XX	
