ID	
XX	
BF	
XX	
P0	A	C	G	T
01	0	0	0	99
02	0	0	99	0
03	0	0	99	0
04	0	0	99	0
05	0	99	0	0
06	0	0	99	0
07	0	0	99	0
08	0	0	99	0
09	0	0	99	0
10	0	99	0	0
11	4	45	18	31
12	27	9	18	45
13	13	36	45	4
14	18	27	40	13
15	22	18	40	18
16	9	27	54	9
17	27	13	31	27
18	22	18	40	18
19	18	18	54	9
20	22	9	54	13
21	27	18	36	18
22	22	18	40	18
23	4	31	49	13
24	13	27	49	9
25	13	9	63	13
26	18	40	22	18
27	18	36	27	18
28	27	22	31	18
29	13	13	54	18
30	18	27	45	9
31	13	27	31	27
32	13	22	31	31
33	9	36	49	4
34	13	22	58	4
35	9	9	58	22
36	13	22	49	13
37	27	27	31	13
38	9	27	45	18
39	13	27	54	4
40	18	22	54	4
41	13	31	45	9
42	13	40	31	13
43	18	22	36	22
44	22	22	36	18
45	0	18	63	18
46	9	31	36	22
47	13	27	40	18
48	9	18	45	27
49	13	27	40	18
50	13	31	36	18
51	13	18	58	9
52	18	18	40	22
53	18	13	36	31
54	4	9	77	9
55	22	0	72	4
56	4	27	58	9
57	27	0	40	31
58	4	4	81	9
59	0	9	90	0
60	0	0	90	9
XX	
