ID	
XX	
BF	
XX	
P0	A	C	G	T
01	0	0	0	99
02	0	0	99	0
03	0	0	99	0
04	7	0	92	0
05	0	92	7	0
06	0	0	99	0
07	0	0	85	14
08	14	0	85	0
09	0	0	92	7
10	0	78	0	21
11	35	35	14	14
12	42	0	0	56
13	28	0	64	7
14	14	35	49	0
15	14	28	56	0
16	0	0	78	21
17	7	35	56	0
18	14	0	78	7
19	14	0	71	14
20	28	14	49	7
21	14	21	64	0
22	0	7	71	21
23	0	35	49	14
24	35	14	49	0
25	14	0	56	28
26	28	14	56	0
27	21	21	35	21
28	14	42	7	35
29	42	0	35	21
30	14	0	64	21
31	21	0	49	28
32	7	0	92	0
33	0	0	99	0
34	0	0	99	0
35	0	99	0	0
36	0	14	85	0
37	0	0	92	7
38	0	0	99	0
39	0	0	99	0
40	0	99	0	0
41	0	0	0	99
42	21	49	14	14
43	21	7	49	21
44	14	0	49	35
45	0	14	49	35
46	14	42	42	0
47	0	42	56	0
48	7	21	14	56
49	28	56	14	0
50	7	21	35	35
51	0	21	42	35
52	49	7	0	42
XX	
