ID	
XX	
BF	
XX	
P0	A	C	G	T
01	42	0	7	49
02	35	42	21	0
03	35	35	21	7
04	0	14	56	28
05	56	14	21	7
06	0	56	42	0
07	0	42	42	14
08	35	49	14	0
09	35	49	0	14
10	21	49	7	21
11	14	14	49	21
12	99	0	0	0
13	0	0	99	0
14	0	99	0	0
15	0	99	0	0
16	7	92	0	0
17	0	85	14	0
18	0	0	99	0
19	0	99	0	0
20	0	99	0	0
21	0	92	0	7
22	28	49	0	21
23	21	64	0	14
24	21	35	0	42
25	35	7	42	14
26	21	35	21	21
27	0	56	14	28
28	28	56	0	14
29	0	49	14	35
30	14	49	35	0
31	21	71	7	0
32	0	64	21	14
33	7	49	14	28
34	14	71	0	14
35	7	78	0	14
36	0	56	35	7
37	21	78	0	0
38	0	56	28	14
39	0	49	35	14
40	7	64	0	28
41	56	0	0	42
42	14	14	35	35
43	21	0	78	0
44	7	92	0	0
45	0	85	0	14
46	14	85	0	0
47	0	99	0	0
48	0	7	92	0
49	0	92	0	7
50	0	99	0	0
51	0	99	0	0
52	99	0	0	0
XX	
