ID	
XX	
BF	
XX	
P0	A	C	G	T
01	39	0	6	53
02	26	46	26	0
03	33	39	26	0
04	0	13	59	26
05	53	20	26	0
06	0	59	33	6
07	0	39	39	20
08	26	53	20	0
09	33	39	0	26
10	20	53	6	20
11	13	20	46	20
12	93	0	6	0
13	0	0	99	0
14	0	99	0	0
15	0	99	0	0
16	6	86	0	6
17	0	86	13	0
18	6	0	86	6
19	0	99	0	0
20	0	86	0	13
21	6	93	0	0
22	26	53	6	13
23	20	59	6	13
24	13	39	0	46
25	33	13	39	13
26	20	33	13	33
27	0	46	13	39
28	26	59	0	13
29	0	59	13	26
30	6	53	33	6
31	20	59	13	6
32	0	59	26	13
33	13	53	13	20
34	20	66	0	13
35	13	66	6	13
36	6	59	33	0
37	13	79	0	6
38	0	46	26	26
39	6	46	33	13
40	6	59	0	33
41	46	13	0	39
42	26	13	26	33
43	20	13	66	0
44	0	99	0	0
45	0	86	0	13
46	13	86	0	0
47	0	99	0	0
48	0	0	93	6
49	0	99	0	0
50	0	99	0	0
51	0	99	0	0
52	93	6	0	0
XX	
