ID	
XX	
BF	
XX	
P0	A	C	G	T
01	0	0	6	93
02	0	0	99	0
03	0	0	99	0
04	0	0	99	0
05	6	93	0	0
06	0	0	99	0
07	0	0	86	13
08	13	0	86	0
09	0	0	99	0
10	0	66	13	20
11	33	26	13	26
12	39	0	13	46
13	33	0	59	6
14	13	33	46	6
15	26	26	46	0
16	6	0	79	13
17	0	33	59	6
18	13	6	66	13
19	13	0	66	20
20	20	13	53	13
21	13	26	59	0
22	6	13	59	20
23	6	33	53	6
24	26	13	59	0
25	13	0	59	26
26	39	13	46	0
27	33	13	33	20
28	13	39	13	33
29	46	0	39	13
30	13	6	59	20
31	13	6	53	26
32	0	0	93	6
33	13	0	86	0
34	0	0	99	0
35	6	86	0	6
36	0	13	86	0
37	6	0	86	6
38	0	0	99	0
39	0	0	99	0
40	0	99	0	0
41	0	6	0	93
42	20	46	20	13
43	20	6	53	20
44	26	0	39	33
45	0	20	53	26
46	20	39	39	0
47	6	33	59	0
48	0	26	20	53
49	26	59	13	0
50	0	26	39	33
51	0	26	46	26
52	53	6	0	39
XX	
