ID	
XX	
BF	
XX	
P0	A	C	G	T
01	1	5	3	88
02	1	0	94	3
03	3	0	90	5
04	1	3	94	0
05	62	9	26	1
06	7	26	64	1
07	9	9	73	7
08	22	15	62	0
09	11	15	66	7
10	28	15	47	9
11	24	17	49	9
12	17	26	34	22
13	17	13	60	9
14	9	28	50	11
15	13	13	62	11
16	37	15	41	5
17	28	28	28	15
18	18	17	58	5
19	5	1	92	0
20	0	0	99	0
21	0	0	99	0
22	0	0	99	0
23	13	82	0	3
24	0	0	99	0
25	0	0	99	0
26	0	0	99	0
XX	
