ID	
XX	
BF	
XX	
P0	A	C	G	T
01	0	99	0	0
02	0	99	0	0
03	0	99	0	0
04	3	0	82	13
05	0	99	0	0
06	0	99	0	0
07	0	99	0	0
08	0	92	1	5
09	5	58	17	18
10	15	28	28	28
11	5	41	15	37
12	11	62	13	13
13	11	50	28	9
14	9	60	13	17
15	22	34	26	17
16	9	49	17	24
17	9	47	15	28
18	7	66	15	11
19	0	62	15	22
20	7	73	9	9
21	1	64	26	7
22	1	26	9	62
23	0	94	3	1
24	5	90	0	3
25	3	94	0	1
26	88	3	5	1
XX	
