ID	
XX	
BF	
XX	
P0	A	C	G	T
01	6	0	93	0
02	73	13	13	0
03	73	26	0	0
04	13	20	66	0
05	93	0	0	6
06	13	33	26	26
07	0	13	86	0
08	0	86	6	6
09	13	39	13	33
10	13	59	20	6
11	20	39	26	13
12	13	26	33	26
13	26	46	13	13
14	6	39	39	13
15	20	46	13	20
16	0	33	26	39
17	6	13	20	59
18	53	0	46	0
19	0	0	93	6
20	0	99	0	0
21	0	99	0	0
22	0	99	0	0
23	0	99	0	0
24	0	0	99	0
25	6	93	0	0
26	0	99	0	0
XX	
