ID	
XX	
BF	
XX	
P0	A	C	G	T
01	0	0	99	0
02	0	0	93	6
03	0	99	0	0
04	0	0	99	0
05	0	0	99	0
06	0	0	99	0
07	0	0	99	0
08	6	93	0	0
09	0	46	0	53
10	59	20	13	6
11	39	26	33	0
12	20	13	46	20
13	13	39	39	6
14	13	13	46	26
15	26	33	26	13
16	13	26	39	20
17	6	20	59	13
18	33	13	39	13
19	6	6	86	0
20	0	86	13	0
21	26	26	33	13
22	6	0	0	93
23	0	66	20	13
24	0	0	26	73
25	0	13	13	73
26	0	93	0	6
XX	
