ID	
XX	
BF	
XX	
P0	A	C	G	T
01	85	7	7	0
02	7	0	92	0
03	0	85	7	7
04	0	7	64	28
05	0	71	28	0
06	0	78	21	0
07	14	28	35	21
08	0	21	78	0
09	28	21	35	14
10	7	64	28	0
11	7	28	49	14
12	21	35	35	7
13	14	35	28	21
14	7	35	35	21
15	21	35	28	14
16	42	14	35	7
17	42	14	35	7
18	14	35	49	0
19	0	7	85	7
20	21	0	78	0
21	0	0	99	0
22	0	0	99	0
23	0	99	0	0
24	0	0	99	0
25	0	0	99	0
26	28	0	64	7
27	0	0	99	0
28	7	92	0	0
29	0	28	0	71
XX	
