ID	
XX	
BF	
XX	
P0	A	C	G	T
01	71	0	28	0
02	0	0	92	7
03	0	99	0	0
04	7	64	0	28
05	0	99	0	0
06	0	99	0	0
07	0	0	99	0
08	0	99	0	0
09	0	99	0	0
10	0	78	0	21
11	7	85	7	0
12	0	49	35	14
13	7	35	14	42
14	7	35	14	42
15	14	28	35	21
16	21	35	35	7
17	21	28	35	14
18	7	35	35	21
19	14	49	28	7
20	0	28	64	7
21	14	35	21	28
22	0	78	21	0
23	21	35	28	14
24	0	21	78	0
25	0	28	71	0
26	28	64	7	0
27	7	7	85	0
28	0	92	0	7
29	0	7	7	85
XX	
