ID	
XX	
BF	
XX	
P0	A	C	G	T
01	0	0	99	0
02	0	0	99	0
03	0	99	0	0
04	0	0	99	0
05	0	0	99	0
06	0	0	99	0
07	6	0	93	0
08	0	99	0	0
09	0	6	0	93
10	13	20	46	20
11	39	26	33	0
12	20	0	46	33
13	20	33	33	13
14	13	13	59	13
15	20	20	39	20
16	0	20	53	26
17	0	26	33	39
18	39	13	33	13
19	26	20	39	13
20	13	13	59	13
21	33	13	26	26
22	20	13	46	20
23	0	13	73	13
24	13	6	66	13
25	0	20	79	0
26	0	6	86	6
27	0	13	86	0
28	20	66	13	0
29	0	0	99	0
30	0	6	66	26
31	0	0	99	0
32	0	0	99	0
33	0	99	0	0
34	0	0	6	93
XX	
