ID	
XX	
BF	
XX	
P0	A	C	G	T
01	93	6	0	0
02	0	0	99	0
03	0	99	0	0
04	0	99	0	0
05	26	66	6	0
06	0	99	0	0
07	0	13	66	20
08	0	86	13	0
09	6	86	6	0
10	0	79	20	0
11	13	66	6	13
12	13	73	13	0
13	20	46	13	20
14	26	26	13	33
15	13	59	13	13
16	13	39	20	26
17	13	33	13	39
18	39	33	26	0
19	26	53	20	0
20	20	39	20	20
21	13	59	13	13
22	13	33	33	20
23	33	46	0	20
24	0	33	26	39
25	20	46	20	13
26	93	0	6	0
27	0	0	99	0
28	0	93	0	6
29	0	99	0	0
30	0	99	0	0
31	0	99	0	0
32	0	0	99	0
33	0	99	0	0
34	0	99	0	0
XX	
