ID	
XX	
BF	
XX	
P0	A	C	G	T
01	0	0	99	0
02	0	0	99	0
03	0	99	0	0
04	0	0	78	21
05	5	0	94	0
06	0	0	99	0
07	10	5	83	0
08	10	57	31	0
09	10	10	36	42
10	15	5	68	10
11	21	36	42	0
12	21	5	42	31
13	5	31	62	0
14	10	5	78	5
15	10	26	52	10
16	0	42	36	21
17	10	42	31	15
18	26	15	26	31
19	15	36	31	15
20	5	31	62	0
21	10	21	47	21
22	26	26	36	10
23	15	31	52	0
24	10	5	68	15
25	0	5	94	0
26	0	0	99	0
27	0	0	99	0
28	0	99	0	0
29	0	0	99	0
30	0	0	89	10
31	10	0	89	0
32	5	5	89	0
33	0	99	0	0
34	0	0	10	89
XX	
