ID	
XX	
BF	
XX	
P0	A	C	G	T
01	89	10	0	0
02	0	0	99	0
03	0	89	5	5
04	0	89	0	10
05	10	89	0	0
06	0	99	0	0
07	0	0	99	0
08	0	99	0	0
09	0	99	0	0
10	0	94	5	0
11	15	68	5	10
12	0	52	31	15
13	10	36	26	26
14	21	47	21	10
15	0	62	31	5
16	15	31	36	15
17	31	26	15	26
18	15	31	42	10
19	21	36	42	0
20	10	52	26	10
21	5	78	5	10
22	0	62	31	5
23	31	42	5	21
24	0	42	36	21
25	10	68	5	15
26	42	36	10	10
27	0	31	57	10
28	0	83	5	10
29	0	99	0	0
30	0	94	0	5
31	21	78	0	0
32	0	0	99	0
33	0	99	0	0
34	0	99	0	0
XX	
