ID	
XX	
BF	
XX	
P0	A	C	G	T
01	0	0	99	0
02	0	0	99	0
03	0	99	0	0
04	0	5	88	5
05	0	0	99	0
06	0	0	88	11
07	0	5	88	5
08	0	71	27	0
09	16	33	11	38
10	22	38	33	5
11	11	16	44	27
12	22	0	55	22
13	38	5	55	0
14	16	38	27	16
15	16	27	55	0
16	11	5	44	38
17	16	16	60	5
18	33	44	22	0
19	5	22	71	0
20	22	33	11	33
21	11	33	38	16
22	38	16	22	22
23	0	16	66	16
24	33	38	16	11
25	33	0	60	5
26	5	11	83	0
27	0	0	99	0
28	0	0	99	0
29	0	99	0	0
30	0	0	99	0
31	11	0	88	0
32	0	0	99	0
33	0	0	88	11
34	5	94	0	0
35	0	27	11	60
XX	
