ID	
XX	
BF	
XX	
P0	A	C	G	T
01	60	11	27	0
02	0	0	94	5
03	11	88	0	0
04	0	99	0	0
05	0	88	0	11
06	0	99	0	0
07	0	0	99	0
08	0	99	0	0
09	0	99	0	0
10	0	83	11	5
11	5	60	0	33
12	11	16	38	33
13	16	66	16	0
14	22	22	16	38
15	16	38	33	11
16	33	11	33	22
17	0	71	22	5
18	0	22	44	33
19	5	60	16	16
20	38	44	5	11
21	0	55	27	16
22	16	27	38	16
23	0	55	5	38
24	22	55	0	22
25	27	44	16	11
26	5	33	38	22
27	38	11	33	16
28	0	27	71	0
29	5	88	5	0
30	11	88	0	0
31	0	99	0	0
32	5	88	5	0
33	0	0	99	0
34	0	99	0	0
35	0	99	0	0
XX	
