ID	
XX	
BF	
XX	
P0	A	C	G	T
01	0	0	99	0
02	0	0	99	0
03	0	0	99	0
04	0	0	99	0
05	0	99	0	0
06	0	0	99	0
07	0	0	99	0
08	0	0	99	0
09	6	16	73	3
10	16	69	10	3
11	10	49	36	3
12	46	23	13	16
13	29	29	36	3
14	13	26	43	16
15	23	16	56	3
16	56	13	20	10
17	10	20	66	3
18	13	26	59	0
19	29	36	29	3
20	13	13	73	0
21	6	26	66	0
22	33	29	23	13
23	13	13	69	3
24	6	46	46	0
25	10	29	46	13
26	6	29	43	20
27	10	26	56	6
28	13	20	66	0
29	0	0	99	0
30	0	13	86	0
31	0	96	0	3
XX	
