ID	
XX	
BF	
XX	
P0	A	C	G	T
01	3	0	96	0
02	0	86	13	0
03	0	99	0	0
04	0	66	20	13
05	6	56	26	10
06	20	43	29	6
07	13	46	29	10
08	0	46	46	6
09	3	69	13	13
10	13	23	29	33
11	0	66	26	6
12	0	73	13	13
13	3	29	36	29
14	0	59	26	13
15	3	66	20	10
16	10	20	13	56
17	3	56	16	23
18	16	43	26	13
19	3	36	29	29
20	16	13	23	46
21	3	36	49	10
22	3	10	69	16
23	3	73	16	6
24	0	99	0	0
25	0	99	0	0
26	0	99	0	0
27	0	0	99	0
28	0	99	0	0
29	0	99	0	0
30	0	99	0	0
31	0	99	0	0
XX	
