ID	
XX	
BF	
XX	
P0	A	C	G	T
01	7	0	91	0
02	99	0	0	0
03	68	7	23	0
04	46	0	46	7
05	0	0	91	7
06	0	0	99	0
07	53	0	38	7
08	7	84	7	0
09	7	23	46	23
10	7	23	69	0
11	0	15	61	23
12	23	30	46	0
13	0	61	38	0
14	30	30	23	15
15	0	15	46	38
16	30	15	23	30
17	23	23	30	23
18	0	53	23	23
19	7	30	61	0
20	15	30	53	0
21	30	15	23	30
22	68	0	15	15
23	15	46	38	0
24	7	0	91	0
25	7	0	91	0
26	0	0	99	0
27	0	0	99	0
28	0	99	0	0
29	0	0	99	0
30	0	0	99	0
31	0	0	99	0
32	0	0	99	0
33	7	91	0	0
34	0	30	0	68
35	38	61	0	0
XX	
