ID	
XX	
BF	
XX	
P0	A	C	G	T
01	0	0	61	38
02	68	0	30	0
03	0	0	91	7
04	0	99	0	0
05	0	99	0	0
06	0	99	0	0
07	0	99	0	0
08	0	0	99	0
09	0	99	0	0
10	0	99	0	0
11	0	91	0	7
12	0	91	0	7
13	0	38	46	15
14	15	15	0	68
15	30	23	15	30
16	0	53	30	15
17	0	61	30	7
18	23	23	53	0
19	23	30	23	23
20	30	23	15	30
21	38	46	15	0
22	15	23	30	30
23	0	38	61	0
24	0	46	30	23
25	23	61	15	0
26	0	69	23	7
27	23	46	23	7
28	0	7	84	7
29	7	38	0	53
30	0	99	0	0
31	7	91	0	0
32	7	46	0	46
33	0	23	7	68
34	0	0	0	99
35	0	91	0	7
XX	
