ID	
XX	
BF	
XX	
P0	A	C	G	T
01	0	3	96	0
02	0	0	99	0
03	0	99	0	0
04	0	0	99	0
05	0	0	93	6
06	6	0	90	3
07	3	0	96	0
08	0	99	0	0
09	3	43	9	43
10	25	12	31	31
11	15	9	74	0
12	18	12	65	3
13	21	18	46	12
14	21	15	62	0
15	3	31	56	9
16	12	21	34	31
17	28	25	43	3
18	3	15	40	40
19	18	21	53	6
20	3	18	74	3
21	15	15	65	3
22	31	21	40	6
23	9	31	53	6
24	18	21	56	3
25	3	40	50	6
26	3	34	53	9
27	9	18	49	21
28	9	15	74	0
29	3	0	3	93
30	0	3	96	0
31	3	0	96	0
XX	
