ID	
XX	
BF	
XX	
P0	A	C	G	T
01	0	96	0	3
02	0	96	3	0
03	93	3	0	3
04	0	74	15	9
05	21	49	18	9
06	9	53	34	3
07	6	50	40	3
08	3	56	21	18
09	6	53	31	9
10	6	40	21	31
11	3	65	15	15
12	3	74	18	3
13	6	53	21	18
14	40	40	15	3
15	3	43	25	28
16	31	34	21	12
17	9	56	31	3
18	0	62	15	21
19	12	46	18	21
20	3	65	12	18
21	0	74	9	15
22	31	31	12	25
23	43	9	43	3
24	0	0	99	0
25	0	96	0	3
26	3	90	0	6
27	6	93	0	0
28	0	99	0	0
29	0	0	99	0
30	0	99	0	0
31	0	96	3	0
XX	
