ID	
XX	
BF	
XX	
P0	A	C	G	T
01	64	10	25	0
02	10	64	5	20
03	64	10	15	10
04	20	5	15	59
05	10	15	64	10
06	15	79	0	5
07	15	64	5	15
08	10	20	0	69
09	0	84	5	10
10	64	15	15	5
11	10	10	15	64
12	5	5	30	59
13	59	10	29	0
14	15	5	10	69
15	54	5	34	5
16	10	79	10	0
17	5	64	5	25
18	0	79	5	15
19	0	15	15	69
20	0	89	5	5
21	10	74	15	0
22	5	20	0	74
23	5	89	0	5
24	0	94	0	5
25	0	99	0	0
26	0	0	0	99
27	0	0	5	94
28	0	0	0	99
29	5	5	79	10
30	0	0	99	0
31	94	5	0	0
32	89	0	10	0
33	5	5	10	79
34	15	15	0	69
35	0	69	5	25
36	79	10	5	5
37	5	15	69	10
38	5	20	69	5
39	15	64	5	15
40	64	10	15	10
41	5	64	10	20
42	59	25	15	0
43	49	25	25	0
44	5	74	15	5
45	5	20	5	69
46	10	20	69	0
47	74	15	0	10
48	5	74	5	15
49	0	79	10	10
50	64	15	5	15
51	10	29	49	10
52	0	84	10	5
53	69	10	10	10
54	10	15	5	69
55	5	10	15	69
56	64	15	15	5
57	74	10	10	5
58	15	74	5	5
59	64	15	15	5
60	15	20	5	59
61	10	20	15	54
62	49	25	15	10
63	69	20	5	5
64	69	10	10	10
65	64	15	20	0
66	5	64	20	10
67	69	15	0	15
XX	
