ID	
XX	
BF	
XX	
P0	A	C	G	T
01	0	0	99	0
02	18	9	57	15
03	3	12	84	0
04	0	33	21	45
05	0	78	15	6
06	0	6	15	78
07	18	15	45	21
08	9	30	42	18
09	0	15	69	15
10	18	27	36	18
11	12	33	27	27
12	3	21	54	21
13	24	18	48	9
14	3	18	69	9
15	30	21	42	6
16	30	24	27	18
17	24	24	42	9
18	21	21	42	15
19	21	27	45	6
20	15	24	54	6
21	12	30	48	9
22	9	27	48	15
23	9	21	42	27
24	6	42	45	6
25	18	36	18	27
26	18	30	24	27
27	21	9	45	24
28	0	0	99	0
29	0	0	99	0
30	0	0	99	0
31	0	0	99	0
32	3	87	0	9
33	0	0	99	0
34	0	0	99	0
35	0	0	99	0
XX	
