ID	
XX	
BF	
XX	
P0	A	C	G	T
01	0	99	0	0
02	0	99	0	0
03	0	99	0	0
04	9	0	87	3
05	0	99	0	0
06	0	99	0	0
07	0	99	0	0
08	0	99	0	0
09	24	45	9	21
10	27	24	30	18
11	27	18	36	18
12	6	45	42	6
13	27	42	21	9
14	15	48	27	9
15	9	48	30	12
16	6	54	24	15
17	6	45	27	21
18	15	42	21	21
19	9	42	24	24
20	18	27	24	30
21	6	42	21	30
22	9	69	18	3
23	9	48	18	24
24	21	54	21	3
25	27	27	33	12
26	18	36	27	18
27	15	69	15	0
28	18	42	30	9
29	21	45	15	18
30	78	15	6	0
31	6	15	78	0
32	45	21	33	0
33	0	84	12	3
34	15	57	9	18
35	0	99	0	0
XX	
