ID	
XX	
BF	
XX	
P0	A	C	G	T
01	0	0	99	0
02	0	99	0	0
03	0	0	99	0
04	0	0	94	5
05	0	0	99	0
06	0	0	99	0
07	16	83	0	0
08	0	11	11	77
09	22	22	27	27
10	11	11	77	0
11	38	27	27	5
12	11	38	38	11
13	5	27	66	0
14	11	11	49	27
15	11	5	71	11
16	0	16	77	5
17	38	22	33	5
18	0	27	49	22
19	27	22	38	11
20	55	5	33	5
21	0	33	38	27
22	5	27	49	16
23	33	5	49	11
24	16	44	27	11
25	11	22	49	16
26	16	16	44	22
27	16	11	60	11
28	55	11	22	11
29	11	16	44	27
30	0	0	94	5
31	0	0	99	0
32	0	0	99	0
33	0	99	0	0
34	16	0	83	0
35	0	0	99	0
36	0	0	94	5
XX	
