ID	
XX	
BF	
XX	
P0	A	C	G	T
01	5	94	0	0
02	0	99	0	0
03	0	83	0	16
04	0	0	99	0
05	0	99	0	0
06	0	99	0	0
07	5	94	0	0
08	27	44	16	11
09	11	22	11	55
10	11	60	11	16
11	22	44	16	16
12	16	49	22	11
13	11	27	44	16
14	11	49	5	33
15	16	49	27	5
16	27	38	33	0
17	5	33	5	55
18	11	38	22	27
19	22	49	27	0
20	5	33	22	38
21	5	77	16	0
22	11	71	5	11
23	27	49	11	11
24	0	66	27	5
25	11	38	38	11
26	5	27	27	38
27	0	77	11	11
28	27	27	22	22
29	77	11	11	0
30	0	0	83	16
31	0	99	0	0
32	0	99	0	0
33	5	94	0	0
34	0	99	0	0
35	0	0	99	0
36	0	99	0	0
XX	
