ID	
XX	
BF	
XX	
P0	A	C	G	T
01	0	0	99	0
02	0	0	7	92
03	0	0	99	0
04	0	7	92	0
05	7	0	85	7
06	35	42	21	0
07	0	7	92	0
08	0	21	64	14
09	21	0	71	7
10	14	21	42	21
11	14	49	28	7
12	7	21	7	64
13	14	49	21	14
14	14	42	14	28
15	14	14	28	42
16	7	7	64	21
17	7	49	42	0
18	21	0	78	0
19	0	7	71	21
20	0	42	56	0
21	28	49	14	7
22	0	28	64	7
23	14	28	35	21
24	28	28	35	7
25	21	21	42	14
26	7	14	64	14
27	42	35	14	7
28	7	0	64	28
29	0	0	92	7
30	0	0	99	0
31	0	0	99	0
32	0	99	0	0
33	0	0	99	0
34	0	0	92	7
35	0	0	99	0
36	0	0	99	0
37	0	99	0	0
38	0	28	0	71
XX	
