ID	
XX	
BF	
XX	
P0	A	C	G	T
01	71	0	28	0
02	0	0	99	0
03	0	99	0	0
04	0	99	0	0
05	7	92	0	0
06	0	99	0	0
07	0	0	99	0
08	0	99	0	0
09	0	99	0	0
10	7	92	0	0
11	28	64	0	7
12	7	14	35	42
13	14	64	14	7
14	14	42	21	21
15	7	35	28	28
16	21	35	28	14
17	7	64	28	0
18	7	14	49	28
19	0	56	42	0
20	21	71	7	0
21	0	78	0	21
22	0	42	49	7
23	21	64	7	7
24	42	28	14	14
25	28	14	42	14
26	14	21	49	14
27	64	7	21	7
28	7	28	49	14
29	21	42	21	14
30	7	71	0	21
31	14	64	21	0
32	0	92	7	0
33	0	21	42	35
34	7	85	0	7
35	0	92	7	0
36	0	99	0	0
37	92	7	0	0
38	0	99	0	0
XX	
