ID	
XX	
BF	
XX	
P0	A	C	G	T
01	0	0	99	0
02	0	0	99	0
03	0	99	0	0
04	0	0	99	0
05	0	0	94	5
06	5	0	94	0
07	0	0	99	0
08	0	99	0	0
09	0	0	10	89
10	47	10	21	21
11	15	36	42	5
12	5	26	68	0
13	57	10	21	10
14	10	10	78	0
15	15	31	47	5
16	26	31	42	0
17	31	0	36	31
18	5	5	89	0
19	10	15	57	15
20	26	10	52	10
21	31	21	47	0
22	31	26	36	5
23	26	5	31	36
24	10	36	42	10
25	15	26	21	36
26	15	31	26	26
27	31	0	52	15
28	21	31	42	5
29	10	36	42	10
30	0	26	36	36
31	0	5	83	10
32	31	0	57	10
33	47	21	15	15
34	26	26	47	0
35	10	0	62	26
36	10	5	83	0
37	10	5	83	0
38	5	0	94	0
39	0	94	5	0
40	5	5	89	0
41	15	10	73	0
42	10	0	78	10
43	0	0	99	0
44	0	99	0	0
45	0	5	0	94
XX	
