ID	
XX	
BF	
XX	
P0	A	C	G	T
01	94	0	5	0
02	0	0	99	0
03	0	99	0	0
04	10	78	0	10
05	0	73	10	15
06	0	89	5	5
07	0	5	94	0
08	0	94	0	5
09	0	83	5	10
10	0	83	5	10
11	26	62	0	10
12	0	47	26	26
13	15	15	21	47
14	10	57	0	31
15	10	83	5	0
16	36	36	26	0
17	10	42	36	10
18	5	42	31	21
19	15	52	0	31
20	26	26	31	15
21	36	21	26	15
22	10	42	36	10
23	36	31	5	26
24	5	36	26	31
25	0	47	21	31
26	10	52	10	26
27	15	57	15	10
28	0	89	5	5
29	31	36	0	31
30	0	42	31	26
31	5	47	31	15
32	0	78	10	10
33	10	21	10	57
34	0	68	26	5
35	5	42	36	15
36	21	21	10	47
37	89	10	0	0
38	0	0	99	0
39	0	99	0	0
40	0	94	0	5
41	5	94	0	0
42	0	99	0	0
43	0	0	99	0
44	0	99	0	0
45	0	99	0	0
XX	
