ID	
XX	
BF	
XX	
P0	A	C	G	T
01	5	0	94	0
02	5	8	86	0
03	2	5	91	0
04	64	32	0	2
05	2	0	97	0
06	0	2	97	0
07	2	5	86	5
08	18	16	56	8
09	16	40	29	13
10	10	45	43	0
11	40	18	21	18
12	18	18	51	10
13	27	18	48	5
14	18	18	54	8
15	18	16	48	16
16	27	24	35	13
17	35	24	24	16
18	18	32	40	8
19	8	27	48	16
20	27	24	40	8
21	18	13	62	5
22	24	16	56	2
23	5	24	59	10
24	21	32	40	5
25	35	24	37	2
26	29	21	37	10
27	27	13	43	16
28	5	10	75	8
29	16	40	37	5
30	43	18	16	21
31	29	10	43	16
32	0	0	99	0
33	0	0	99	0
34	0	0	99	0
35	0	0	99	0
36	8	81	0	10
37	0	0	99	0
38	0	0	99	0
39	0	0	99	0
XX	
