ID	
XX	
BF	
XX	
P0	A	C	G	T
01	0	99	0	0
02	0	99	0	0
03	0	99	0	0
04	10	0	81	8
05	0	99	0	0
06	0	99	0	0
07	0	99	0	0
08	0	99	0	0
09	16	43	10	29
10	21	16	18	43
11	5	37	40	16
12	8	75	10	5
13	16	43	13	27
14	10	37	21	29
15	2	37	24	35
16	5	40	32	21
17	10	59	24	5
18	2	56	16	24
19	5	62	13	18
20	8	40	24	27
21	16	48	27	8
22	8	40	32	18
23	16	24	24	35
24	13	35	24	27
25	16	48	16	18
26	8	54	18	18
27	5	48	18	27
28	10	51	18	18
29	18	21	18	40
30	0	43	45	10
31	13	29	40	16
32	8	56	16	18
33	5	86	5	2
34	0	97	2	0
35	0	97	0	2
36	2	0	32	64
37	0	91	5	2
38	0	86	8	5
39	0	94	0	5
XX	
