ID	
XX	
BF	
XX	
P0	A	C	G	T
01	0	7	21	71
02	7	7	85	0
03	0	0	99	0
04	7	0	85	7
05	0	21	42	35
06	0	99	0	0
07	7	7	7	78
08	0	14	85	0
09	21	35	28	14
10	0	35	64	0
11	14	28	35	21
12	0	14	56	28
13	14	14	71	0
14	28	14	49	7
15	21	7	28	42
16	7	35	21	35
17	35	21	28	14
18	7	7	71	14
19	14	14	71	0
20	35	28	21	14
21	7	21	64	7
22	7	21	64	7
23	14	21	64	0
24	28	0	56	14
25	28	35	35	0
26	28	21	35	14
27	14	7	64	14
28	0	0	78	21
29	21	21	56	0
30	49	21	14	14
31	7	14	78	0
32	7	0	64	28
33	21	0	78	0
34	0	0	99	0
35	0	0	99	0
36	0	99	0	0
37	0	0	99	0
38	0	0	78	21
39	0	0	78	21
40	7	0	92	0
41	0	99	0	0
42	0	7	7	85
XX	
