ID	
XX	
BF	
XX	
P0	A	C	G	T
01	85	7	7	0
02	0	0	99	0
03	0	92	0	7
04	21	78	0	0
05	21	78	0	0
06	0	99	0	0
07	0	0	99	0
08	0	99	0	0
09	0	99	0	0
10	0	78	0	21
11	28	64	0	7
12	0	78	14	7
13	14	14	21	49
14	0	56	21	21
15	21	78	0	0
16	14	64	7	14
17	14	35	21	28
18	0	35	35	28
19	14	56	0	28
20	0	64	21	14
21	7	64	21	7
22	7	64	21	7
23	14	21	28	35
24	0	71	14	14
25	14	71	7	7
26	14	28	21	35
27	35	21	35	7
28	42	28	7	21
29	7	49	14	28
30	0	71	14	14
31	28	56	14	0
32	21	35	28	14
33	0	64	35	0
34	14	28	35	21
35	0	85	14	0
36	78	7	7	7
37	0	0	99	0
38	35	42	21	0
39	7	85	0	7
40	0	99	0	0
41	0	85	7	7
42	71	21	7	0
XX	
