ID	
XX	
BF	
XX	
P0	A	C	G	T
01	0	2	97	0
02	2	0	97	0
03	4	0	95	0
04	33	59	0	7
05	0	2	97	0
06	0	2	97	0
07	2	0	97	0
08	28	9	57	4
09	9	47	9	33
10	23	35	19	21
11	14	7	47	30
12	4	9	80	4
13	23	7	57	11
14	4	64	16	14
15	4	21	69	4
16	19	40	35	4
17	42	23	33	0
18	14	23	59	2
19	2	35	40	21
20	21	11	64	2
21	19	11	40	28
22	2	45	45	7
23	9	28	52	9
24	30	21	45	2
25	40	19	33	7
26	11	21	40	26
27	0	40	40	19
28	16	26	40	16
29	16	19	64	0
30	16	19	59	4
31	4	35	40	19
32	11	35	35	16
33	16	50	14	19
34	28	9	47	14
35	23	26	26	23
36	0	2	97	0
37	0	0	99	0
38	0	0	99	0
39	0	0	99	0
40	2	97	0	0
41	0	0	99	0
42	0	0	99	0
43	0	0	99	0
XX	
