ID	
XX	
BF	
XX	
P0	A	C	G	T
01	0	99	0	0
02	0	99	0	0
03	0	99	0	0
04	0	0	97	2
05	0	99	0	0
06	0	99	0	0
07	0	99	0	0
08	0	97	2	0
09	23	26	26	23
10	14	47	9	28
11	19	14	50	16
12	16	35	35	11
13	19	40	35	4
14	4	59	19	16
15	0	64	19	16
16	16	40	26	16
17	19	40	40	0
18	26	40	21	11
19	7	33	19	40
20	2	45	21	30
21	9	52	28	9
22	7	45	45	2
23	28	40	11	19
24	2	64	11	21
25	21	40	35	2
26	2	59	23	14
27	0	33	23	42
28	4	35	40	19
29	4	69	21	4
30	14	16	64	4
31	11	57	7	23
32	4	80	9	4
33	30	47	7	14
34	21	19	35	23
35	33	9	47	9
36	4	57	9	28
37	0	97	0	2
38	0	97	2	0
39	0	97	2	0
40	7	0	59	33
41	0	95	0	4
42	0	97	0	2
43	0	97	2	0
XX	
