ID	
XX	
BF	
XX	
P0	A	C	G	T
01	15	0	15	69
02	10	20	64	5
03	0	20	15	64
04	10	10	10	69
05	5	5	20	69
06	10	15	25	49
07	54	15	20	10
08	59	5	20	15
09	5	15	15	64
10	5	5	74	15
11	5	10	10	74
12	5	15	15	64
13	69	15	10	5
14	69	5	15	10
15	10	10	10	69
16	5	10	84	0
17	10	49	29	10
18	15	5	15	64
19	10	10	79	0
20	15	5	74	5
21	10	0	15	74
22	0	69	20	10
23	69	5	20	5
24	5	15	74	5
25	0	25	25	49
26	0	15	25	59
27	20	10	64	5
28	10	15	10	64
29	15	5	64	15
30	5	69	20	5
31	10	69	15	5
32	5	5	10	79
33	25	5	69	0
34	69	0	15	15
35	79	10	5	5
36	0	10	0	89
37	0	0	5	94
38	0	99	0	0
39	10	79	5	5
40	99	0	0	0
41	94	5	0	0
42	99	0	0	0
43	0	0	99	0
44	5	0	94	0
45	5	0	89	5
46	74	0	20	5
47	0	15	74	10
48	5	5	89	0
49	69	15	15	0
50	15	5	79	0
51	25	5	64	5
52	0	10	79	10
53	5	34	5	54
54	69	10	5	15
55	0	29	10	59
56	59	30	5	5
57	64	15	10	10
58	5	15	15	64
59	10	5	84	0
60	69	0	20	10
61	15	5	64	15
62	5	0	79	15
63	10	64	15	10
64	59	15	5	20
65	10	15	10	64
66	20	5	64	10
67	0	25	10	64
XX	
