ID	
XX	
BF	
XX	
P0	A	C	G	T
01	0	8	8	82
02	0	66	33	0
03	0	66	25	8
04	0	58	8	33
05	0	58	16	25
06	16	74	0	8
07	16	82	0	0
08	41	24	0	33
09	0	74	0	25
10	16	82	0	0
11	41	58	0	0
12	8	0	58	33
13	0	8	41	49
14	41	0	41	16
15	0	16	82	0
16	0	49	41	8
17	0	41	16	41
18	8	66	25	0
19	0	41	8	49
20	0	24	33	41
21	16	66	16	0
22	0	99	0	0
23	0	0	0	99
24	0	99	0	0
25	0	99	0	0
26	0	0	0	99
27	0	99	0	0
28	0	99	0	0
29	0	99	0	0
30	49	41	0	8
31	16	41	8	33
32	0	66	0	33
33	66	8	0	25
34	0	25	74	0
35	8	24	24	41
36	8	0	58	33
37	8	33	58	0
38	0	66	0	33
39	8	41	33	16
40	0	66	33	0
41	0	99	0	0
42	0	0	0	99
43	0	99	0	0
44	0	99	0	0
45	0	0	0	99
46	0	74	8	16
47	0	91	0	8
48	0	41	8	49
49	0	91	0	8
50	0	66	16	16
51	16	66	0	16
52	58	8	33	0
53	0	58	41	0
54	8	66	16	8
55	41	25	8	25
56	0	33	58	8
57	8	0	33	58
58	0	25	74	0
59	16	16	66	0
60	0	58	33	8
61	8	91	0	0
XX	
