ID	
XX	
BF	
XX	
P0	A	C	G	T
01	0	0	99	0
02	0	0	99	0
03	0	99	0	0
04	12	12	68	6
05	0	0	93	6
06	6	0	93	0
07	6	0	93	0
08	18	80	0	0
09	25	18	18	37
10	18	6	31	43
11	18	12	62	6
12	43	12	43	0
13	12	31	31	25
14	6	18	43	31
15	18	6	49	25
16	25	12	56	6
17	25	37	25	12
18	18	12	62	6
19	18	12	56	12
20	0	6	87	6
21	0	12	80	6
22	0	25	56	18
23	0	43	31	25
24	12	25	62	0
25	0	12	56	31
26	6	25	43	25
27	0	25	68	6
28	12	62	12	12
29	18	18	62	0
30	12	31	25	31
31	0	43	49	6
32	18	37	31	12
33	18	43	25	12
34	0	37	18	43
35	0	43	49	6
36	25	6	49	18
37	6	6	68	18
38	49	25	25	0
39	6	0	62	31
40	6	0	93	0
41	0	0	99	0
42	0	0	99	0
43	0	99	0	0
44	12	0	87	0
45	6	0	87	6
46	0	0	99	0
47	6	0	93	0
48	6	87	0	6
49	0	18	12	68
XX	
