ID	
XX	
BF	
XX	
P0	A	C	G	T
01	5	0	94	0
02	0	0	99	0
03	0	0	99	0
04	0	0	99	0
05	17	82	0	0
06	0	0	99	0
07	0	0	99	0
08	0	0	99	0
09	11	5	82	0
10	5	57	31	5
11	17	39	17	25
12	28	34	14	22
13	22	17	42	17
14	20	31	34	14
15	14	39	28	17
16	25	8	51	14
17	28	20	48	2
18	11	20	62	5
19	20	14	54	11
20	11	31	28	28
21	11	25	42	20
22	11	14	54	20
23	5	37	57	0
24	25	11	62	0
25	11	25	57	5
26	20	20	51	8
27	25	28	37	8
28	11	34	42	11
29	20	31	39	8
30	11	31	54	2
31	28	28	20	22
32	17	5	51	25
33	11	31	42	14
34	17	37	45	0
35	22	34	34	8
36	8	17	59	14
37	14	37	34	14
38	14	11	65	8
39	14	22	54	8
40	31	5	57	5
41	22	0	74	2
42	2	2	94	0
43	0	5	94	0
44	0	99	0	0
XX	
