ID	
XX	
BF	
XX	
P0	A	C	G	T
01	0	0	99	0
02	0	94	5	0
03	0	94	2	2
04	2	74	0	22
05	5	57	5	31
06	8	54	22	14
07	8	65	11	14
08	14	34	37	14
09	14	59	17	8
10	8	34	34	22
11	0	45	37	17
12	14	42	31	11
13	25	51	5	17
14	22	20	28	28
15	2	54	31	11
16	8	39	31	20
17	11	42	34	11
18	8	37	28	25
19	8	51	20	20
20	5	57	25	11
21	0	62	11	25
22	0	57	37	5
23	20	54	14	11
24	20	42	25	11
25	28	28	31	11
26	11	54	14	20
27	5	62	20	11
28	2	48	20	28
29	14	51	8	25
30	17	28	39	14
31	14	34	31	20
32	17	42	17	22
33	22	14	34	28
34	25	17	39	17
35	5	31	57	5
36	0	82	5	11
37	0	99	0	0
38	0	99	0	0
39	0	99	0	0
40	0	0	82	17
41	0	99	0	0
42	0	99	0	0
43	0	99	0	0
44	0	94	0	5
XX	
