ID	
XX	
BF	
XX	
P0	A	C	G	T
01	0	99	0	0
02	6	93	0	0
03	0	93	6	0
04	0	0	99	0
05	0	99	0	0
06	0	86	6	6
07	0	99	0	0
08	13	79	6	0
09	6	79	0	13
10	6	39	20	33
11	13	26	39	20
12	0	86	13	0
13	13	13	59	13
14	0	39	59	0
15	26	26	33	13
16	20	46	6	26
17	20	26	33	20
18	33	46	6	13
19	20	20	39	20
20	6	26	46	20
21	0	66	20	13
22	0	66	6	26
23	6	66	26	0
24	0	59	20	20
25	0	53	39	6
26	6	79	13	0
27	13	66	20	0
28	26	59	13	0
29	13	53	6	26
30	26	26	33	13
31	39	33	13	13
32	13	33	13	39
33	6	46	20	26
34	6	46	46	0
35	6	33	26	33
36	33	6	33	26
37	79	13	6	0
38	0	0	99	0
39	0	99	0	0
40	0	99	0	0
41	13	86	0	0
42	0	99	0	0
43	0	0	99	0
44	0	99	0	0
45	0	99	0	0
XX	
