ID	
XX	
BF	
XX	
P0	A	C	G	T
01	0	0	99	0
02	0	0	99	0
03	0	99	0	0
04	0	0	99	0
05	0	0	86	13
06	0	0	99	0
07	0	0	99	0
08	0	99	0	0
09	0	6	13	79
10	26	33	6	33
11	33	26	33	6
12	0	46	46	6
13	26	20	46	6
14	39	13	33	13
15	13	13	33	39
16	13	33	26	26
17	26	6	53	13
18	0	13	59	26
19	0	20	66	13
20	0	13	79	6
21	6	39	53	0
22	20	20	59	0
23	0	26	66	6
24	26	6	66	0
25	13	20	66	0
26	20	46	26	6
27	20	39	20	20
28	13	6	46	33
29	20	33	26	20
30	26	6	46	20
31	13	33	26	26
32	0	59	39	0
33	13	59	13	13
34	0	13	86	0
35	20	39	26	13
36	33	20	39	6
37	13	0	79	6
38	0	6	79	13
39	0	0	99	0
40	6	6	86	0
41	0	0	99	0
42	0	99	0	0
43	0	6	93	0
44	0	0	93	6
45	0	0	99	0
XX	
