ID	
XX	
BF	
XX	
P0	A	C	G	T
01	54	5	39	0
02	0	0	99	0
03	0	94	0	5
04	0	99	0	0
05	5	84	0	10
06	0	99	0	0
07	0	0	99	0
08	0	99	0	0
09	0	99	0	0
10	0	84	0	15
11	10	54	0	35
12	15	59	0	25
13	5	29	29	34
14	15	44	15	25
15	25	39	20	15
16	15	44	20	20
17	15	44	15	25
18	5	49	20	25
19	25	39	15	20
20	5	44	29	20
21	20	54	0	25
22	10	54	0	35
23	25	29	15	29
24	20	49	20	10
25	15	34	29	20
26	10	25	20	44
27	0	59	34	5
28	34	29	20	15
29	25	54	5	15
30	10	39	15	35
31	0	54	34	10
32	0	44	5	49
33	15	29	49	5
34	29	39	29	0
35	29	25	10	34
36	0	74	10	15
37	5	49	0	44
38	15	49	15	20
39	20	34	29	15
40	20	20	49	10
41	0	74	15	10
42	0	89	0	10
43	0	99	0	0
44	0	84	5	10
45	0	0	99	0
46	0	99	0	0
47	0	99	0	0
XX	
