ID	
XX	
BF	
XX	
P0	A	C	G	T
01	0	0	99	0
02	0	0	99	0
03	0	99	0	0
04	10	5	84	0
05	0	0	99	0
06	10	0	89	0
07	10	15	74	0
08	10	49	20	20
09	15	29	34	20
10	20	15	49	15
11	44	0	49	5
12	15	10	74	0
13	34	10	25	29
14	0	29	39	29
15	5	49	29	15
16	49	5	44	0
17	10	34	54	0
18	35	15	39	10
19	15	5	54	25
20	15	20	29	34
21	5	34	59	0
22	44	20	25	10
23	20	29	34	15
24	10	20	49	20
25	29	15	29	25
26	35	0	54	10
27	25	0	54	20
28	20	29	44	5
29	20	15	39	25
30	25	20	49	5
31	25	15	44	15
32	20	20	44	15
33	15	20	39	25
34	25	15	44	15
35	34	29	29	5
36	25	0	59	15
37	35	0	54	10
38	15	0	84	0
39	0	0	99	0
40	0	0	99	0
41	0	99	0	0
42	0	0	99	0
43	10	0	84	5
44	0	0	99	0
45	5	0	94	0
46	0	99	0	0
47	0	39	5	54
XX	
