ID	
XX	
BF	
XX	
P0	A	C	G	T
01	0	0	99	0
02	0	6	93	0
03	0	99	0	0
04	0	0	99	0
05	0	0	87	12
06	0	0	99	0
07	6	0	93	0
08	0	93	6	0
09	0	18	0	80
10	31	0	56	12
11	31	6	43	18
12	18	18	43	18
13	31	37	25	6
14	6	6	62	25
15	18	18	56	6
16	6	6	74	12
17	49	25	25	0
18	0	31	56	12
19	18	6	62	12
20	0	37	49	12
21	0	18	74	6
22	6	6	56	31
23	0	37	56	6
24	12	6	62	18
25	0	18	37	43
26	6	37	49	6
27	6	12	80	0
28	25	37	31	6
29	12	12	56	18
30	12	25	62	0
31	12	37	43	6
32	25	12	56	6
33	49	25	18	6
34	18	25	43	12
35	0	6	80	12
36	25	12	62	0
37	31	6	31	31
38	18	37	37	6
39	0	0	93	6
40	0	0	99	0
41	0	0	99	0
42	0	0	99	0
43	0	99	0	0
44	0	0	99	0
45	6	0	93	0
46	0	0	99	0
47	0	18	80	0
48	0	80	12	6
XX	
