ID	
XX	
BF	
XX	
P0	A	C	G	T
01	0	99	0	0
02	0	83	5	11
03	0	94	0	5
04	0	0	99	0
05	0	99	0	0
06	0	99	0	0
07	5	83	0	11
08	16	60	16	5
09	33	44	5	16
10	16	33	33	16
11	22	16	38	22
12	27	38	33	0
13	27	27	27	16
14	0	60	27	11
15	5	38	44	11
16	0	44	33	22
17	11	27	22	38
18	22	27	27	22
19	27	22	38	11
20	0	44	55	0
21	0	66	22	11
22	16	83	0	0
23	16	44	27	11
24	16	33	38	11
25	5	33	55	5
26	0	55	38	5
27	5	88	0	5
28	11	55	22	11
29	0	60	27	11
30	27	27	11	33
31	11	44	44	0
32	16	60	5	16
33	16	38	27	16
34	11	44	11	33
35	5	71	11	11
36	0	38	49	11
37	11	44	38	5
38	0	55	16	27
39	16	44	0	38
40	77	16	5	0
41	0	0	99	0
42	0	99	0	0
43	0	99	0	0
44	0	99	0	0
45	0	99	0	0
46	0	0	99	0
47	0	99	0	0
48	0	99	0	0
XX	
