ID	
XX	
BF	
XX	
P0	A	C	G	T
01	0	0	99	0
02	0	0	99	0
03	0	99	0	0
04	0	0	99	0
05	0	0	99	0
06	0	0	99	0
07	0	0	99	0
08	0	99	0	0
09	0	5	16	77
10	38	0	44	16
11	27	16	55	0
12	5	38	44	11
13	11	49	38	0
14	11	11	71	5
15	33	11	44	11
16	16	27	38	16
17	16	5	60	16
18	0	44	44	11
19	33	11	27	27
20	11	27	60	0
21	11	22	55	11
22	5	0	88	5
23	5	38	55	0
24	5	55	33	5
25	11	38	33	16
26	11	27	44	16
27	0	0	83	16
28	11	22	66	0
29	0	55	44	0
30	11	38	22	27
31	22	27	27	22
32	38	22	27	11
33	22	33	44	0
34	11	44	38	5
35	11	27	60	0
36	16	27	27	27
37	0	33	38	27
38	22	38	16	22
39	16	33	33	16
40	16	5	44	33
41	5	16	60	16
42	11	0	83	5
43	0	0	99	0
44	0	0	99	0
45	0	99	0	0
46	5	0	94	0
47	11	5	83	0
48	0	0	99	0
XX	
