ID	
XX	
BF	
XX	
P0	A	C	G	T
01	0	0	99	0
02	0	0	99	0
03	0	99	0	0
04	0	0	99	0
05	0	0	99	0
06	0	0	99	0
07	0	12	87	0
08	0	93	0	6
09	0	12	0	87
10	25	6	49	18
11	6	18	62	12
12	31	31	31	6
13	0	18	49	31
14	6	12	68	12
15	12	18	56	12
16	0	31	62	6
17	0	43	43	12
18	12	12	49	25
19	12	6	74	6
20	18	25	49	6
21	31	6	43	18
22	18	31	31	18
23	18	18	43	18
24	18	18	49	12
25	12	12	56	18
26	31	12	49	6
27	0	25	74	0
28	25	25	31	18
29	6	56	18	18
30	31	12	31	25
31	12	6	56	25
32	25	18	43	12
33	18	25	49	6
34	37	12	43	6
35	12	12	68	6
36	6	31	43	18
37	12	49	37	0
38	25	25	31	18
39	6	6	80	6
40	18	18	43	18
41	18	12	56	12
42	18	18	56	6
43	18	6	74	0
44	6	74	12	6
45	0	12	87	0
46	6	6	80	6
47	0	0	99	0
48	6	0	93	0
49	0	99	0	0
50	0	18	12	68
XX	
