ID	
XX	
BF	
XX	
P0	A	C	G	T
01	60	3	33	3
02	0	0	99	0
03	0	99	0	0
04	6	93	0	0
05	3	90	0	6
06	0	99	0	0
07	0	0	99	0
08	0	99	0	0
09	0	99	0	0
10	0	81	3	15
11	6	81	6	6
12	15	48	21	15
13	24	30	24	21
14	12	57	15	15
15	24	15	39	21
16	9	24	60	6
17	6	51	18	24
18	3	36	45	15
19	18	42	36	3
20	12	42	9	36
21	12	42	15	30
22	36	27	30	6
23	9	48	24	18
24	0	51	21	27
25	15	48	24	12
26	18	63	12	6
27	30	36	27	6
28	12	39	36	12
29	3	48	30	18
30	6	87	6	0
31	6	51	21	21
32	6	48	18	27
33	15	48	30	6
34	0	57	36	6
35	15	66	6	12
36	15	57	27	0
37	15	48	21	15
38	9	69	12	9
39	9	36	21	33
40	6	57	27	9
41	0	48	15	36
42	30	39	9	21
43	33	39	15	12
44	0	30	60	9
45	0	69	12	18
46	0	99	0	0
47	6	90	3	0
48	0	90	0	9
49	15	0	36	48
50	0	99	0	0
51	0	99	0	0
52	0	99	0	0
XX	
