ID	
XX	
BF	
XX	
P0	A	C	G	T
01	0	0	99	0
02	0	0	99	0
03	0	0	99	0
04	48	36	0	15
05	9	0	90	0
06	0	3	90	6
07	0	0	99	0
08	18	12	69	0
09	9	60	30	0
10	12	15	39	33
11	21	9	39	30
12	36	15	48	0
13	9	27	57	6
14	33	21	36	9
15	9	12	69	9
16	15	21	48	15
17	0	27	57	15
18	12	6	66	15
19	6	36	57	0
20	6	30	48	15
21	27	18	48	6
22	21	21	51	6
23	0	6	87	6
24	18	30	48	3
25	12	36	39	12
26	6	27	36	30
27	6	12	63	18
28	12	24	48	15
29	27	21	51	0
30	18	24	48	9
31	6	30	27	36
32	30	15	42	12
33	36	9	42	12
34	3	36	42	18
35	15	45	36	3
36	24	18	51	6
37	6	60	24	9
38	21	39	15	24
39	15	15	57	12
40	21	24	30	24
41	15	21	48	15
42	6	6	81	6
43	15	3	81	0
44	0	0	99	0
45	0	0	99	0
46	0	99	0	0
47	0	0	99	0
48	6	0	90	3
49	0	0	93	6
50	0	0	99	0
51	0	99	0	0
52	3	33	3	60
XX	
