ID	
XX	
BF	
XX	
P0	A	C	G	T
01	4	0	93	2
02	0	0	99	0
03	0	0	99	0
04	0	0	99	0
05	6	93	0	0
06	0	0	99	0
07	0	0	99	0
08	0	0	99	0
09	8	2	89	0
10	8	72	6	12
11	19	40	19	21
12	36	8	23	31
13	19	27	42	10
14	23	21	42	12
15	25	31	38	4
16	19	6	72	2
17	27	12	55	4
18	17	19	59	4
19	19	14	59	6
20	17	36	29	17
21	12	8	72	6
22	14	17	68	0
23	19	17	59	4
24	21	19	44	14
25	17	40	40	2
26	6	25	44	23
27	12	38	36	12
28	0	19	74	6
29	2	25	59	12
30	8	17	61	12
31	4	31	55	8
32	4	34	46	14
33	25	17	42	14
34	27	25	34	12
35	23	25	40	10
36	21	51	17	10
37	27	10	59	2
38	6	19	61	12
39	4	40	40	14
40	8	21	59	10
41	23	27	36	12
42	14	27	40	17
43	6	6	72	14
44	2	4	93	0
45	0	0	99	0
46	10	0	89	0
47	0	99	0	0
48	8	8	82	0
49	4	0	93	2
XX	
