ID	
XX	
BF	
XX	
P0	A	C	G	T
01	2	93	0	4
02	0	82	8	8
03	0	0	99	0
04	0	89	0	10
05	0	99	0	0
06	0	93	4	2
07	14	72	6	6
08	17	40	27	14
09	12	36	27	23
10	10	59	21	8
11	14	40	40	4
12	12	61	19	6
13	2	59	10	27
14	10	17	51	21
15	10	40	25	23
16	12	34	25	27
17	14	42	17	25
18	14	46	34	4
19	8	55	31	4
20	12	61	17	8
21	12	59	25	2
22	6	74	19	0
23	12	36	38	12
24	23	44	25	6
25	2	40	40	17
26	14	44	19	21
27	4	59	17	19
28	0	68	17	14
29	6	72	8	12
30	17	29	36	17
31	6	59	14	19
32	4	59	19	17
33	4	55	12	27
34	2	72	6	19
35	4	38	31	25
36	12	42	21	23
37	10	42	27	19
38	31	23	8	36
39	21	19	40	19
40	12	6	72	8
41	0	89	2	8
42	0	99	0	0
43	0	99	0	0
44	0	99	0	0
45	0	0	93	6
46	0	99	0	0
47	0	99	0	0
48	0	99	0	0
49	2	93	0	4
XX	
