ID	
XX	
BF	
XX	
P0	A	C	G	T
01	0	0	92	7
02	0	0	99	0
03	0	7	92	0
04	0	99	0	0
05	21	0	78	0
06	0	0	99	0
07	0	0	99	0
08	14	0	85	0
09	0	92	7	0
10	0	7	0	92
11	14	7	71	7
12	0	0	99	0
13	21	14	56	7
14	49	14	21	14
15	28	7	64	0
16	35	0	56	7
17	28	35	28	7
18	7	14	71	7
19	7	21	71	0
20	7	21	71	0
21	35	7	56	0
22	7	35	56	0
23	7	21	42	28
24	21	21	28	28
25	21	7	42	28
26	7	14	78	0
27	14	0	78	7
28	0	28	56	14
29	14	14	42	28
30	21	49	14	14
31	35	0	42	21
32	0	14	64	21
33	35	0	35	28
34	21	14	56	7
35	7	7	49	35
36	42	0	56	0
37	0	7	92	0
38	0	0	99	0
39	7	71	0	21
40	0	0	99	0
41	0	0	99	0
42	7	0	92	0
43	7	0	92	0
44	0	92	0	7
45	0	14	7	78
XX	
