ID	
XX	
BF	
XX	
P0	A	C	G	T
01	78	7	14	0
02	7	0	92	0
03	0	92	0	7
04	0	92	0	7
05	0	99	0	0
06	0	99	0	0
07	21	0	71	7
08	0	99	0	0
09	0	92	7	0
10	0	56	0	42
11	35	49	7	7
12	7	56	14	21
13	28	35	0	35
14	21	64	14	0
15	21	42	0	35
16	14	14	49	21
17	28	42	14	14
18	14	56	28	0
19	7	78	0	14
20	0	78	14	7
21	28	42	7	21
22	28	28	21	21
23	28	42	21	7
24	0	56	35	7
25	0	56	7	35
26	0	71	21	7
27	0	71	21	7
28	7	71	14	7
29	7	28	35	28
30	7	56	0	35
31	0	64	7	28
32	14	21	14	49
33	7	56	14	21
34	0	99	0	0
35	7	71	7	14
36	92	0	7	0
37	0	7	92	0
38	0	85	0	14
39	0	99	0	0
40	0	99	0	0
41	0	78	0	21
42	0	0	99	0
43	0	92	7	0
44	0	99	0	0
45	7	92	0	0
XX	
