ID	
XX	
BF	
XX	
P0	A	C	G	T
01	0	18	9	72
02	0	45	36	18
03	18	81	0	0
04	9	45	36	9
05	90	0	0	9
06	0	0	99	0
07	0	99	0	0
08	0	99	0	0
09	0	99	0	0
10	0	90	0	9
11	0	0	99	0
12	0	99	0	0
13	0	99	0	0
14	0	90	0	9
15	36	63	0	0
16	0	45	18	36
17	9	18	27	45
18	9	36	0	54
19	18	72	9	0
20	18	54	18	9
21	9	45	27	18
22	9	45	45	0
23	0	63	9	27
24	36	27	18	18
25	18	18	36	27
26	9	36	45	9
27	54	27	18	0
28	18	36	27	18
29	9	63	0	27
30	9	54	9	27
31	9	54	27	9
32	0	81	9	9
33	27	36	9	27
34	0	54	27	18
35	9	63	27	0
36	0	63	36	0
37	18	27	9	45
38	0	63	27	9
39	9	63	27	0
40	27	9	0	63
41	81	18	0	0
42	0	0	99	0
43	0	99	0	0
44	0	99	0	0
45	0	63	9	27
46	0	90	9	0
47	0	0	90	9
48	0	99	0	0
XX	
