ID	
XX	
BF	
XX	
P0	A	C	G	T
01	0	0	99	0
02	9	90	0	0
03	0	9	90	0
04	27	9	63	0
05	0	0	99	0
06	0	0	99	0
07	0	99	0	0
08	0	0	18	81
09	63	0	9	27
10	0	27	63	9
11	9	27	63	0
12	45	9	27	18
13	0	36	63	0
14	0	27	63	9
15	18	27	54	0
16	27	9	36	27
17	9	9	81	0
18	9	27	54	9
19	27	9	54	9
20	27	0	63	9
21	18	27	36	18
22	0	18	27	54
23	9	45	36	9
24	27	36	18	18
25	18	18	27	36
26	27	9	63	0
27	0	45	45	9
28	18	27	45	9
29	9	18	54	18
30	0	9	72	18
31	54	0	36	9
32	45	27	18	9
33	36	18	45	0
34	0	0	63	36
35	9	0	90	0
36	0	0	99	0
37	0	0	99	0
38	0	99	0	0
39	9	0	90	0
40	0	0	99	0
41	0	0	99	0
42	0	0	99	0
43	0	99	0	0
44	9	0	0	90
45	9	36	45	9
46	0	0	81	18
47	18	36	45	0
48	72	9	18	0
XX	
