ID	
XX	
BF	
XX	
P0	A	C	G	T
01	7	0	91	0
02	0	0	99	0
03	0	0	99	0
04	0	99	0	0
05	0	0	99	0
06	0	0	99	0
07	0	0	99	0
08	0	0	99	0
09	0	99	0	0
10	15	0	15	69
11	53	7	23	15
12	38	7	53	0
13	0	46	46	7
14	23	53	23	0
15	15	0	76	7
16	23	15	53	7
17	7	30	30	30
18	15	30	30	23
19	7	46	46	0
20	15	7	53	23
21	0	23	76	0
22	15	7	69	7
23	0	23	76	0
24	0	23	76	0
25	0	61	30	7
26	0	30	46	23
27	0	23	61	15
28	0	7	61	30
29	15	0	69	15
30	0	46	38	15
31	15	15	23	46
32	23	23	46	7
33	53	23	15	7
34	7	46	46	0
35	15	38	30	15
36	23	38	38	0
37	15	23	23	38
38	0	53	7	38
39	38	30	0	30
40	38	23	15	23
41	15	15	30	38
42	0	15	61	23
43	0	15	84	0
44	0	23	76	0
45	0	0	99	0
46	0	76	15	7
47	0	0	99	0
48	23	0	76	0
49	0	0	99	0
50	0	0	84	15
51	0	99	0	0
52	0	23	0	76
53	68	0	30	0
XX	
