ID	
XX	
BF	
XX	
P0	A	C	G	T
01	0	94	0	5
02	11	77	5	5
03	16	77	0	5
04	0	0	99	0
05	0	99	0	0
06	0	99	0	0
07	0	99	0	0
08	11	55	11	22
09	0	55	38	5
10	5	44	11	38
11	11	27	49	11
12	22	49	5	22
13	27	11	33	27
14	5	55	16	22
15	0	88	0	11
16	0	33	27	38
17	5	38	11	44
18	0	60	0	38
19	0	27	11	60
20	22	44	22	11
21	22	55	16	5
22	27	38	22	11
23	11	33	33	22
24	5	55	38	0
25	5	44	38	11
26	22	60	16	0
27	16	49	16	16
28	27	44	22	5
29	11	44	16	27
30	5	49	33	11
31	11	66	5	16
32	27	44	11	16
33	11	44	27	16
34	5	77	5	11
35	5	44	33	16
36	22	55	5	16
37	27	60	11	0
38	0	66	27	5
39	0	83	5	11
40	11	60	5	22
41	0	49	33	16
42	11	60	11	16
43	11	49	5	33
44	83	11	5	0
45	5	0	94	0
46	0	88	0	11
47	0	99	0	0
48	0	99	0	0
49	0	99	0	0
50	0	0	99	0
51	0	99	0	0
52	0	99	0	0
53	0	72	0	27
54	0	94	0	5
XX	
