ID	
XX	
BF	
XX	
P0	A	C	G	T
01	0	94	0	4
02	4	80	0	14
03	4	90	4	0
04	0	90	4	4
05	0	0	99	0
06	0	90	4	4
07	0	75	9	14
08	9	75	4	9
09	0	33	47	19
10	4	47	28	19
11	4	28	38	28
12	4	56	23	14
13	19	47	14	19
14	14	56	14	14
15	38	33	9	19
16	14	14	56	14
17	4	38	38	19
18	14	61	9	14
19	4	52	19	23
20	19	38	23	19
21	0	56	28	14
22	0	19	47	33
23	14	47	28	9
24	33	56	9	0
25	9	47	38	4
26	4	71	14	9
27	4	47	38	9
28	4	47	33	14
29	14	38	19	28
30	14	33	14	38
31	9	47	28	14
32	9	52	9	28
33	9	71	4	14
34	4	52	14	28
35	14	14	47	23
36	4	42	42	9
37	4	42	38	14
38	0	33	14	52
39	9	66	4	19
40	4	42	19	33
41	4	33	47	14
42	4	38	42	14
43	19	47	14	19
44	14	61	14	9
45	9	47	19	23
46	9	33	4	52
47	71	4	23	0
48	4	0	90	4
49	0	94	0	4
50	0	99	0	0
51	0	99	0	0
52	0	94	0	4
53	0	0	99	0
54	0	99	0	0
55	0	94	0	4
XX	
