ID	
XX	
BF	
XX	
P0	A	C	G	T
01	0	6	93	0
02	0	18	56	25
03	0	0	87	12
04	6	18	74	0
05	25	0	68	6
06	12	18	62	6
07	0	37	43	18
08	18	0	62	18
09	18	12	56	12
10	56	31	0	12
11	0	31	31	37
12	37	6	56	0
13	0	18	62	18
14	25	0	25	49
15	6	0	93	0
16	0	0	99	0
17	0	6	93	0
18	0	99	0	0
19	0	0	99	0
20	0	0	99	0
21	0	0	99	0
22	0	0	99	0
23	0	99	0	0
24	0	25	0	74
25	37	25	18	18
26	12	25	31	31
27	12	18	37	31
28	25	18	56	0
29	12	37	31	18
30	31	0	49	18
31	12	6	62	18
32	25	18	56	0
33	43	31	18	6
34	6	18	74	0
35	18	37	6	37
36	0	25	62	12
37	49	25	25	0
38	6	6	62	25
39	37	18	43	0
40	12	6	80	0
41	0	25	68	6
42	0	0	74	25
43	0	0	99	0
44	0	93	0	6
45	6	0	93	0
46	25	0	68	6
47	0	0	99	0
48	0	0	99	0
49	0	99	0	0
XX	
