ID	
XX	
BF	
XX	
P0	A	C	G	T
01	0	0	99	0
02	0	99	0	0
03	0	99	0	0
04	6	68	0	25
05	0	93	0	6
06	6	0	93	0
07	0	99	0	0
08	25	74	0	0
09	6	68	25	0
10	0	80	6	12
11	0	43	18	37
12	25	62	6	6
13	0	25	25	49
14	12	62	25	0
15	37	6	37	18
16	0	74	18	6
17	6	18	31	43
18	0	56	18	25
19	18	62	6	12
20	18	49	0	31
21	18	31	37	12
22	0	56	18	25
23	31	37	18	12
24	31	31	25	12
25	18	18	25	37
26	74	0	25	0
27	0	0	99	0
28	0	99	0	0
29	0	99	0	0
30	0	99	0	0
31	0	99	0	0
32	0	0	99	0
33	0	93	6	0
34	0	99	0	0
35	0	93	0	6
36	49	25	0	25
37	18	62	18	0
38	0	56	6	37
39	37	31	31	0
40	12	0	31	56
41	12	56	12	18
42	18	62	0	18
43	18	43	37	0
44	6	62	18	12
45	6	68	0	25
46	0	74	18	6
47	12	87	0	0
48	25	56	18	0
49	0	93	6	0
XX	
