ID	
XX	
BF	
XX	
P0	A	C	G	T
01	0	99	0	0
02	0	99	0	0
03	0	99	0	0
04	90	0	0	9
05	0	72	0	27
06	9	45	27	18
07	9	18	54	18
08	9	36	54	0
09	0	36	27	36
10	18	54	18	9
11	0	36	27	36
12	9	36	36	18
13	0	81	18	0
14	0	36	54	9
15	18	81	0	0
16	0	45	9	45
17	36	27	36	0
18	0	45	45	9
19	9	45	36	9
20	9	72	18	0
21	0	81	18	0
22	0	54	18	27
23	36	27	9	27
24	27	0	54	18
25	0	0	81	18
26	0	90	0	9
27	0	90	0	9
28	9	90	0	0
29	0	99	0	0
30	0	0	99	0
31	0	99	0	0
32	0	99	0	0
33	0	99	0	0
34	99	0	0	0
XX	
