ID	
XX	
BF	
XX	
P0	A	C	G	T
01	0	0	0	99
02	0	0	99	0
03	0	0	99	0
04	0	0	99	0
05	0	99	0	0
06	0	0	99	0
07	0	0	90	9
08	9	0	90	0
09	9	0	90	0
10	18	81	0	0
11	18	54	0	27
12	27	9	27	36
13	27	18	54	0
14	0	18	81	0
15	0	18	72	9
16	9	36	45	9
17	9	45	45	0
18	0	36	27	36
19	45	9	45	0
20	0	0	81	18
21	9	54	36	0
22	0	18	81	0
23	18	36	36	9
24	36	27	36	0
25	9	18	54	18
26	36	27	36	0
27	0	54	36	9
28	18	54	18	9
29	18	27	45	9
30	27	0	72	0
31	9	0	0	90
32	0	0	99	0
33	0	0	99	0
34	0	0	99	0
XX	
