ID	
XX	
BF	
XX	
P0	A	C	G	T
01	0	99	0	0
02	0	91	0	7
03	7	84	7	0
04	0	91	7	0
05	0	0	99	0
06	0	91	7	0
07	0	76	7	15
08	15	76	0	7
09	0	30	38	30
10	0	46	30	23
11	0	30	46	23
12	7	61	7	23
13	23	53	23	0
14	7	69	23	0
15	38	38	7	15
16	15	7	53	23
17	0	38	38	23
18	7	76	7	7
19	7	53	7	30
20	0	46	23	30
21	0	53	23	23
22	0	7	38	53
23	7	46	46	0
24	46	46	7	0
25	7	23	61	7
26	0	84	15	0
27	0	61	30	7
28	7	46	38	7
29	23	38	7	30
30	7	38	7	46
31	7	61	23	7
32	0	46	15	38
33	0	84	0	15
34	7	53	7	30
35	0	7	68	23
36	0	30	53	15
37	7	46	30	15
38	0	38	0	61
39	15	61	7	15
40	7	46	15	30
41	7	15	53	23
42	0	38	53	7
43	0	46	23	30
44	7	76	7	7
45	0	38	30	30
46	7	23	7	61
47	76	7	15	0
48	0	0	99	0
49	0	99	0	0
50	0	99	0	0
51	0	99	0	0
52	0	91	0	7
53	0	0	99	0
54	0	99	0	0
55	0	91	0	7
56	0	99	0	0
XX	
