ID	
XX	
BF	
XX	
P0	A	C	G	T
01	59	6	33	0
02	0	0	99	0
03	0	99	0	0
04	0	99	0	0
05	0	86	0	13
06	0	99	0	0
07	0	0	99	0
08	0	99	0	0
09	0	99	0	0
10	0	93	6	0
11	20	66	0	13
12	13	20	20	46
13	26	59	13	0
14	0	46	6	46
15	13	66	20	0
16	46	13	26	13
17	0	73	20	6
18	0	13	59	26
19	6	39	26	26
20	26	46	0	26
21	0	66	6	26
22	20	13	53	13
23	0	53	0	46
24	26	46	0	26
25	39	13	39	6
26	0	39	26	33
27	73	0	26	0
28	0	0	99	0
29	0	93	6	0
30	0	99	0	0
31	13	73	0	13
32	0	99	0	0
33	6	0	93	0
34	0	99	0	0
35	6	86	6	0
36	0	86	6	6
37	73	13	0	13
38	13	59	26	0
39	6	53	13	26
40	33	39	20	6
41	0	0	33	66
42	0	66	13	20
43	0	86	0	13
44	20	46	20	13
45	6	66	13	13
46	0	93	0	6
47	0	66	20	13
48	6	86	6	0
49	39	46	0	13
50	0	93	0	6
XX	
