ID	
XX	
BF	
XX	
P0	A	C	G	T
01	6	0	93	0
02	13	0	46	39
03	0	6	86	6
04	13	20	66	0
05	6	0	93	0
06	13	13	66	6
07	13	20	46	20
08	13	0	86	0
09	20	13	66	0
10	66	33	0	0
11	6	20	39	33
12	26	13	53	6
13	0	26	59	13
14	13	0	13	73
15	6	6	86	0
16	0	6	86	6
17	0	0	99	0
18	0	93	0	6
19	0	0	99	0
20	13	0	73	13
21	0	0	99	0
22	0	6	93	0
23	0	99	0	0
24	0	26	0	73
25	33	26	39	0
26	6	39	13	39
27	26	0	46	26
28	46	0	53	0
29	13	53	13	20
30	26	6	66	0
31	26	0	46	26
32	26	26	39	6
33	26	59	13	0
34	6	20	73	0
35	13	26	13	46
36	0	20	66	13
37	46	6	46	0
38	0	13	59	26
39	46	20	20	13
40	13	0	66	20
41	0	6	93	0
42	0	0	99	0
43	0	0	99	0
44	0	99	0	0
45	0	0	99	0
46	13	0	86	0
47	0	0	99	0
48	0	0	99	0
49	0	99	0	0
50	0	33	6	59
XX	
