ID	
XX	
BF	
XX	
P0	A	C	G	T
01	0	0	80	18
02	0	99	0	0
03	0	93	6	0
04	6	93	0	0
05	0	99	0	0
06	0	0	99	0
07	0	99	0	0
08	0	99	0	0
09	0	99	0	0
10	99	0	0	0
11	0	99	0	0
12	18	49	31	0
13	25	18	12	43
14	12	87	0	0
15	18	62	18	0
16	6	80	0	12
17	37	18	25	18
18	0	18	68	12
19	12	25	56	6
20	0	68	0	31
21	0	87	0	12
22	18	80	0	0
23	0	99	0	0
24	0	0	99	0
25	0	99	0	0
26	0	99	0	0
27	0	99	0	0
28	62	31	0	6
29	0	62	37	0
30	43	6	49	0
31	0	62	18	18
32	0	49	31	18
33	0	25	49	25
34	12	56	25	6
35	0	18	80	0
36	12	74	12	0
37	12	37	12	37
38	6	18	0	74
XX	
