ID	
XX	
BF	
XX	
P0	A	C	G	T
01	74	0	18	6
02	37	12	37	12
03	0	12	74	12
04	0	80	18	0
05	6	25	56	12
06	25	49	25	0
07	18	31	49	0
08	18	18	62	0
09	0	49	6	43
10	0	37	62	0
11	6	0	31	62
12	0	0	99	0
13	0	0	99	0
14	0	0	99	0
15	0	99	0	0
16	0	0	99	0
17	0	0	80	18
18	12	0	87	0
19	31	0	68	0
20	6	56	25	12
21	12	68	18	0
22	18	25	18	37
23	12	0	80	6
24	0	18	62	18
25	0	0	87	12
26	43	12	18	25
27	0	31	49	18
28	0	0	99	0
29	0	0	0	99
30	0	0	99	0
31	0	0	99	0
32	0	0	99	0
33	0	99	0	0
34	0	0	99	0
35	0	0	93	6
36	0	6	93	0
37	0	0	99	0
38	18	80	0	0
XX	
