ID	
XX	
BF	
XX	
P0	A	C	G	T
01	0	99	0	0
02	0	81	0	18
03	9	18	9	63
04	27	18	54	0
05	0	0	99	0
06	0	99	0	0
07	0	99	0	0
08	0	99	0	0
09	0	99	0	0
10	0	0	99	0
11	0	99	0	0
12	9	90	0	0
13	0	45	9	45
14	54	36	9	0
15	9	45	27	18
16	27	18	27	27
17	0	54	0	45
18	18	18	18	45
19	0	63	27	9
20	0	36	27	36
21	18	63	18	0
22	27	54	18	0
23	0	54	27	18
24	27	9	36	27
25	36	27	18	18
26	36	0	0	63
27	0	54	45	0
28	0	54	18	27
29	18	72	0	9
30	9	54	36	0
31	0	72	9	18
32	9	36	0	54
33	0	54	18	27
34	9	72	0	18
35	36	9	27	27
36	0	72	27	0
37	0	63	0	36
38	18	54	18	9
39	45	0	45	9
40	9	27	63	0
41	0	72	0	27
42	0	81	0	18
43	0	54	18	27
44	0	0	0	99
45	0	0	90	9
46	0	45	54	0
47	0	99	0	0
XX	
