ID	
XX	
BF	
XX	
P0	A	C	G	T
01	29	6	3	59
02	3	33	10	53
03	6	16	0	76
04	49	29	3	16
05	10	10	6	73
06	13	20	13	53
07	6	66	10	16
08	20	26	6	46
09	10	76	0	13
10	3	26	6	63
11	10	29	3	56
12	66	20	10	3
13	13	39	10	36
14	0	53	3	43
15	0	3	16	79
16	0	23	63	13
17	3	6	76	13
18	3	89	0	6
19	0	86	3	10
20	0	96	0	3
21	0	99	0	0
22	56	0	39	3
23	0	99	0	0
24	0	99	0	0
25	0	99	0	0
26	99	0	0	0
27	0	99	0	0
28	99	0	0	0
29	0	0	0	99
30	0	99	0	0
31	3	96	0	0
32	0	36	0	63
33	3	20	66	10
34	0	76	13	10
35	10	20	6	63
36	3	20	63	13
37	63	23	6	6
38	3	23	3	69
39	0	16	6	76
40	3	16	69	10
41	3	29	59	6
42	10	10	3	76
XX	
