ID	
XX	
BF	
XX	
P0	A	C	G	T
01	0	0	99	0
02	0	0	99	0
03	0	0	99	0
04	0	99	0	0
05	0	0	99	0
06	0	0	99	0
07	0	0	99	0
08	0	0	99	0
09	0	99	0	0
10	0	91	8	0
11	49	0	8	41
12	8	8	82	0
13	8	16	74	0
14	0	0	66	33
15	0	25	66	8
16	0	8	91	0
17	16	41	25	16
18	33	24	41	0
19	16	16	66	0
20	16	41	41	0
21	8	16	66	8
22	16	8	33	41
23	0	49	49	0
24	33	16	41	8
25	8	16	66	8
26	8	25	58	8
27	41	41	8	8
28	8	8	82	0
29	0	8	74	16
30	41	8	41	8
31	0	16	82	0
32	16	74	8	0
33	0	66	33	0
34	0	0	8	91
35	0	99	0	0
36	0	74	25	0
37	8	8	25	58
38	0	25	74	0
39	8	25	49	16
40	0	25	74	0
41	0	16	58	25
42	8	16	74	0
43	8	82	8	0
XX	
