ID	
XX	
BF	
XX	
P0	A	C	G	T
01	0	99	0	0
02	0	99	0	0
03	0	99	0	0
04	0	0	0	99
05	0	99	0	0
06	0	99	0	0
07	0	99	0	0
08	0	96	3	0
09	0	99	0	0
10	99	0	0	0
11	0	6	93	0
12	0	96	3	0
13	16	70	3	9
14	35	6	25	32
15	3	35	38	22
16	16	12	67	3
17	9	67	19	3
18	19	19	0	61
19	12	12	61	12
20	9	77	0	12
21	19	51	9	19
22	22	19	51	6
23	16	67	6	9
24	9	61	19	9
25	12	25	3	58
26	3	25	25	45
27	19	12	61	6
28	6	64	19	9
29	57	22	6	12
30	3	16	61	19
31	0	12	25	61
32	6	25	12	54
33	6	41	9	41
34	16	35	45	3
35	61	22	6	9
36	6	19	3	70
37	9	80	6	3
38	19	16	6	58
39	6	77	6	9
40	64	12	16	6
41	6	22	54	16
42	67	6	19	6
XX	
