ID	
XX	
BF	
XX	
P0	A	C	G	T
01	6	19	6	67
02	16	54	22	6
03	6	16	12	64
04	9	6	77	6
05	58	6	16	19
06	3	6	80	9
07	70	3	19	6
08	9	6	22	61
09	3	45	35	16
10	41	9	41	6
11	54	12	25	6
12	61	25	12	0
13	19	61	16	3
14	12	6	22	57
15	9	19	64	6
16	6	61	12	19
17	45	25	25	3
18	58	3	25	12
19	9	19	61	9
20	9	6	67	16
21	6	51	19	22
22	19	9	51	19
23	12	0	77	9
24	12	61	12	12
25	61	0	19	19
26	3	19	67	9
27	3	67	12	16
28	22	38	35	3
29	32	25	6	35
30	9	3	70	16
31	0	3	96	0
32	0	93	6	0
33	0	0	0	99
34	0	0	99	0
35	0	3	96	0
36	0	0	99	0
37	0	0	99	0
38	0	0	99	0
39	99	0	0	0
40	0	0	99	0
41	0	0	99	0
42	0	0	99	0
XX	
