ID	
XX	
BF	
XX	
P0	A	C	G	T
01	72	4	4	18
02	68	4	18	9
03	72	13	13	0
04	54	9	36	0
05	49	18	18	13
06	0	99	0	0
07	0	0	0	99
08	0	4	95	0
09	0	0	99	0
10	0	99	0	0
11	0	99	0	0
12	0	99	0	0
13	0	0	0	99
14	0	99	0	0
15	9	77	9	4
16	4	81	13	0
17	68	18	9	4
18	0	77	4	18
19	0	90	0	9
20	9	58	9	22
21	13	13	9	63
22	54	31	9	4
23	13	31	49	4
24	0	54	9	36
25	0	81	9	9
26	9	22	9	58
27	13	4	9	72
28	4	9	13	72
29	9	13	9	68
30	68	4	13	13
31	49	4	18	27
32	4	18	9	68
33	63	18	9	9
34	0	22	13	63
35	0	4	86	9
36	13	63	0	22
37	68	18	4	9
38	72	13	4	9
39	68	9	13	9
40	0	18	9	72
XX	
