ID	
XX	
BF	
XX	
P0	A	C	G	T
01	72	9	18	0
02	9	13	9	68
03	9	4	13	72
04	9	4	18	68
05	22	0	63	13
06	9	86	4	0
07	63	13	22	0
08	9	9	18	63
09	68	9	18	4
10	27	18	4	49
11	13	13	4	68
12	68	9	13	9
13	72	13	9	4
14	72	9	4	13
15	58	9	22	9
16	9	9	81	0
17	36	9	54	0
18	4	49	31	13
19	4	9	31	54
20	63	9	13	13
21	22	9	58	9
22	9	0	90	0
23	18	4	77	0
24	4	9	18	68
25	0	13	81	4
26	4	9	77	9
27	0	0	99	0
28	99	0	0	0
29	0	0	99	0
30	0	0	99	0
31	0	0	99	0
32	0	99	0	0
33	0	95	4	0
34	99	0	0	0
35	0	0	99	0
36	13	18	18	49
37	0	36	9	54
38	0	13	13	72
39	9	18	4	68
40	18	4	4	72
XX	
