ID	
XX	
BF	
XX	
P0	A	C	G	T
01	0	15	7	76
02	0	30	61	7
03	15	15	15	53
04	7	15	68	7
05	7	15	15	61
06	0	15	76	7
07	0	15	0	84
08	15	7	68	7
09	30	0	7	61
10	15	0	68	15
11	0	0	0	99
12	0	7	91	0
13	15	7	15	61
14	23	7	68	0
15	30	0	0	68
16	23	7	61	7
17	0	0	0	99
18	0	0	99	0
19	0	23	0	76
20	15	0	76	7
21	23	15	0	61
22	15	7	76	0
23	0	7	7	84
24	0	7	84	7
25	7	15	7	68
26	7	0	84	7
27	0	23	7	68
28	7	15	76	0
29	7	23	0	68
30	0	0	84	15
31	7	23	7	61
32	15	23	61	0
33	7	23	0	68
34	0	30	61	7
35	0	30	7	61
36	7	23	68	0
37	7	23	7	61
38	0	23	76	0
39	30	7	7	53
40	7	7	84	0
XX	
