ID	
XX	
BF	
XX	
P0	A	C	G	T
01	18	0	74	6
02	6	12	74	6
03	43	12	18	25
04	37	6	49	6
05	12	62	25	0
06	12	18	12	56
07	12	74	0	12
08	56	12	18	12
09	56	12	31	0
10	74	12	0	12
11	31	18	25	25
12	18	12	62	6
13	0	6	87	6
14	0	93	0	6
15	0	6	18	74
16	6	0	18	74
17	99	0	0	0
18	0	0	99	0
19	87	0	0	12
20	0	99	0	0
21	99	0	0	0
22	12	6	80	0
23	0	99	0	0
24	87	6	6	0
25	6	0	93	0
26	12	18	62	6
27	6	68	18	6
28	62	25	6	6
29	18	12	56	12
30	6	68	18	6
31	0	74	18	6
32	49	12	25	12
33	6	87	0	6
34	68	12	12	6
XX	
