ID	
XX	
BF	
XX	
P0	A	C	G	T
01	6	12	12	68
02	6	0	87	6
03	12	25	12	49
04	6	18	74	0
05	6	18	68	6
06	12	56	12	18
07	6	6	25	62
08	6	18	68	6
09	6	62	18	12
10	0	93	0	6
11	0	6	6	87
12	0	0	99	0
13	0	80	6	12
14	0	0	0	99
15	0	0	99	0
16	12	0	0	87
17	0	99	0	0
18	0	0	0	99
19	74	18	0	6
20	74	18	6	0
21	6	0	93	0
22	6	87	6	0
23	6	62	12	18
24	25	25	18	31
25	12	0	12	74
26	0	31	12	56
27	12	18	12	56
28	12	0	74	12
29	56	12	18	12
30	0	25	62	12
31	6	49	6	37
32	25	18	12	43
33	6	74	12	6
34	6	74	0	18
XX	
