ID	
XX	
BF	
XX	
P0	A	C	G	T
01	76	3	10	10
02	6	59	29	3
03	10	69	16	3
04	76	6	16	0
05	69	3	23	3
06	6	6	23	63
07	13	63	20	3
08	63	6	20	10
09	10	13	76	0
10	10	66	20	3
11	63	0	36	0
12	0	0	96	3
13	0	0	99	0
14	99	0	0	0
15	0	0	0	99
16	0	0	99	0
17	0	0	0	99
18	0	0	99	0
19	0	0	99	0
20	0	0	99	0
21	3	39	0	56
22	0	0	99	0
23	3	0	96	0
24	10	3	86	0
25	6	0	89	3
26	13	76	6	3
27	13	63	23	0
28	79	16	3	0
29	43	3	53	0
30	36	10	39	13
31	3	10	20	66
32	56	3	29	10
33	63	6	26	3
34	13	0	76	10
35	46	6	26	20
36	16	10	66	6
37	53	13	20	13
38	73	6	10	10
39	16	3	29	49
40	76	0	16	6
41	53	10	33	3
42	59	3	6	29
XX	
